Channel number	Impulses
Channel/#	Impulses/#

0	0
1	0
2	0
3	0
4	0
5	0
6	0
7	0
8	0
9	0
10	0
11	2
12	0
13	0
14	0
15	0
16	1
17	0
18	0
19	1
20	0
21	0
22	1
23	0
24	0
25	0
26	0
27	0
28	0
29	0
30	0
31	0
32	0
33	1
34	1
35	0
36	0
37	0
38	1
39	0
40	0
41	0
42	1
43	3
44	0
45	4
46	0
47	42
48	116
49	430
50	551
51	846
52	590
53	708
54	774
55	829
56	439
57	825
58	668
59	868
60	659
61	767
62	697
63	1218
64	315
65	713
66	717
67	883
68	725
69	750
70	791
71	839
72	563
73	890
74	666
75	837
76	740
77	776
78	778
79	984
80	482
81	756
82	744
83	927
84	714
85	734
86	781
87	871
88	656
89	809
90	732
91	855
92	718
93	919
94	745
95	1279
96	401
97	819
98	751
99	858
100	733
101	778
102	822
103	911
104	560
105	826
106	706
107	846
108	785
109	882
110	765
111	1026
112	469
113	803
114	733
115	965
116	741
117	772
118	864
119	947
120	582
121	939
122	732
123	989
124	781
125	948
126	893
127	1695
128	333
129	891
130	884
131	1048
132	923
133	886
134	1006
135	936
136	752
137	1044
138	781
139	918
140	843
141	919
142	789
143	1030
144	560
145	848
146	791
147	916
148	716
149	804
150	909
151	856
152	648
153	913
154	735
155	991
156	784
157	907
158	787
159	1376
160	456
161	833
162	860
163	945
164	903
165	792
166	914
167	998
168	665
169	1003
170	786
171	960
172	909
173	935
174	933
175	1092
176	657
177	965
178	882
179	1056
180	865
181	895
182	982
183	1117
184	696
185	1090
186	842
187	1067
188	859
189	1019
190	964
191	1547
192	487
193	958
194	1046
195	1114
196	1134
197	1057
198	1258
199	1258
200	980
201	1422
202	1139
203	1470
204	1504
205	1587
206	1597
207	2098
208	1219
209	1949
210	1976
211	2273
212	1979
213	2119
214	2490
215	2380
216	1960
217	2648
218	2201
219	2727
220	2111
221	2422
222	2348
223	3342
224	1235
225	2046
226	1953
227	1972
228	1883
229	1690
230	1864
231	1782
232	1158
233	1643
234	1310
235	1453
236	1389
237	1473
238	1414
239	1747
240	947
241	1473
242	1414
243	1618
244	1412
245	1429
246	1780
247	1638
248	1188
249	1703
250	1399
251	1765
252	1450
253	1526
254	1421
255	2641
256	461
257	1152
258	1290
259	1402
260	1254
261	1203
262	1301
263	1288
264	921
265	1271
266	922
267	1163
268	1076
269	1095
270	1016
271	1230
272	645
273	1056
274	988
275	1193
276	922
277	955
278	1065
279	1021
280	780
281	1131
282	874
283	1134
284	841
285	1005
286	907
287	1527
288	551
289	1004
290	964
291	1034
292	1006
293	944
294	1086
295	1110
296	768
297	1159
298	882
299	1108
300	969
301	984
302	1018
303	1131
304	686
305	981
306	990
307	1187
308	889
309	979
310	1050
311	1056
312	699
313	1128
314	942
315	1165
316	901
317	994
318	1029
319	1617
320	451
321	985
322	971
323	1122
324	982
325	913
326	1080
327	1010
328	792
329	1146
330	884
331	1041
332	995
333	1016
334	975
335	1152
336	632
337	1028
338	962
339	1155
340	870
341	909
342	987
343	1005
344	861
345	1071
346	835
347	1160
348	885
349	979
350	955
351	1372
352	669
353	1022
354	942
355	1073
356	1007
357	961
358	1062
359	1109
360	797
361	1123
362	920
363	1005
364	1051
365	1043
366	970
367	1183
368	684
369	989
370	981
371	1112
372	923
373	882
374	1037
375	1029
376	750
377	1047
378	877
379	1145
380	924
381	929
382	1015
383	1562
384	439
385	913
386	982
387	1043
388	962
389	897
390	1035
391	975
392	811
393	1083
394	838
395	1057
396	960
397	1036
398	937
399	1097
400	699
401	998
402	925
403	1090
404	885
405	900
406	1045
407	951
408	802
409	1073
410	855
411	1042
412	867
413	955
414	927
415	1417
416	576
417	1022
418	1001
419	960
420	1019
421	928
422	1041
423	1007
424	775
425	1053
426	832
427	947
428	917
429	1019
430	936
431	1025
432	814
433	990
434	1006
435	1044
436	850
437	865
438	1070
439	982
440	758
441	1029
442	812
443	985
444	825
445	987
446	912
447	1411
448	512
449	864
450	874
451	1036
452	944
453	831
454	1020
455	881
456	813
457	1036
458	844
459	983
460	1037
461	973
462	957
463	1070
464	706
465	911
466	920
467	1045
468	859
469	824
470	1001
471	811
472	845
473	1059
474	777
475	1025
476	842
477	977
478	928
479	1267
480	644
481	964
482	943
483	879
484	1007
485	819
486	1052
487	924
488	762
489	1012
490	845
491	938
492	960
493	956
494	947
495	1053
496	689
497	911
498	911
499	1030
500	923
501	878
502	1017
503	917
504	757
505	995
506	838
507	998
508	890
509	936
510	947
511	1709
512	297
513	760
514	858
515	985
516	884
517	865
518	1002
519	1033
520	734
521	1092
522	779
523	970
524	906
525	966
526	833
527	1136
528	638
529	938
530	838
531	1053
532	821
533	854
534	988
535	1024
536	699
537	1086
538	834
539	1105
540	794
541	927
542	888
543	1380
544	533
545	949
546	814
547	1012
548	950
549	837
550	999
551	1054
552	658
553	1096
554	850
555	988
556	969
557	985
558	863
559	1014
560	651
561	946
562	867
563	1106
564	797
565	881
566	1021
567	1089
568	676
569	1084
570	841
571	1157
572	859
573	1003
574	954
575	1448
576	522
577	1029
578	905
579	1018
580	1026
581	979
582	1107
583	1112
584	854
585	1212
586	926
587	1125
588	1029
589	1071
590	995
591	1274
592	667
593	1080
594	1103
595	1322
596	1053
597	957
598	1142
599	1090
600	886
601	1182
602	933
603	1299
604	1000
605	1104
606	1052
607	1495
608	687
609	1020
610	1076
611	1152
612	1093
613	986
614	1195
615	1155
616	812
617	1211
618	920
619	1096
620	1063
621	1090
622	1013
623	1222
624	719
625	1075
626	994
627	1140
628	968
629	922
630	1137
631	1071
632	808
633	1080
634	844
635	1134
636	979
637	985
638	995
639	1757
640	451
641	894
642	998
643	1013
644	1037
645	865
646	1053
647	943
648	812
649	1124
650	822
651	1041
652	1003
653	1017
654	914
655	1065
656	708
657	1012
658	957
659	1053
660	880
661	888
662	991
663	893
664	782
665	1081
666	833
667	1066
668	787
669	972
670	909
671	1286
672	589
673	947
674	905
675	962
676	956
677	793
678	1034
679	938
680	708
681	1055
682	823
683	894
684	972
685	950
686	872
687	929
688	771
689	853
690	849
691	1086
692	869
693	755
694	1025
695	941
696	686
697	993
698	761
699	1018
700	902
701	886
702	912
703	1195
704	543
705	864
706	841
707	882
708	926
709	759
710	929
711	817
712	786
713	963
714	735
715	860
716	965
717	919
718	803
719	972
720	625
721	822
722	870
723	955
724	873
725	750
726	953
727	779
728	761
729	959
730	764
731	965
732	818
733	814
734	793
735	1151
736	558
737	806
738	819
739	875
740	935
741	763
742	980
743	856
744	680
745	874
746	715
747	833
748	873
749	833
750	816
751	912
752	597
753	848
754	829
755	910
756	786
757	736
758	924
759	812
760	669
761	952
762	781
763	877
764	820
765	802
766	842
767	1360
768	399
769	789
770	836
771	852
772	856
773	789
774	880
775	789
776	716
777	957
778	711
779	818
780	826
781	869
782	834
783	879
784	632
785	817
786	789
787	968
788	852
789	725
790	945
791	843
792	734
793	960
794	692
795	979
796	758
797	854
798	838
799	1031
800	562
801	851
802	780
803	838
804	787
805	751
806	937
807	867
808	636
809	930
810	743
811	825
812	889
813	853
814	850
815	802
816	693
817	820
818	804
819	947
820	828
821	724
822	931
823	919
824	616
825	948
826	744
827	953
828	748
829	771
830	849
831	1149
832	510
833	778
834	765
835	804
836	891
837	724
838	912
839	767
840	770
841	953
842	681
843	865
844	886
845	869
846	822
847	888
848	584
849	877
850	819
851	958
852	788
853	722
854	844
855	730
856	720
857	931
858	724
859	912
860	742
861	829
862	738
863	952
864	653
865	810
866	761
867	783
868	870
869	676
870	907
871	828
872	639
873	911
874	677
875	783
876	865
877	764
878	791
879	847
880	575
881	773
882	836
883	865
884	812
885	682
886	870
887	782
888	619
889	768
890	679
891	855
892	779
893	792
894	793
895	1201
896	393
897	678
898	777
899	772
900	857
901	679
902	893
903	640
904	687
905	876
906	651
907	756
908	811
909	786
910	782
911	730
912	568
913	735
914	778
915	827
916	764
917	675
918	894
919	641
920	703
921	820
922	678
923	849
924	705
925	795
926	778
927	934
928	539
929	739
930	700
931	767
932	835
933	617
934	859
935	781
936	632
937	848
938	635
939	705
940	835
941	740
942	735
943	702
944	684
945	811
946	788
947	818
948	719
949	602
950	854
951	674
952	603
953	839
954	659
955	805
956	688
957	716
958	749
959	969
960	503
961	686
962	769
963	699
964	795
965	606
966	840
967	673
968	696
969	832
970	652
971	746
972	785
973	725
974	728
975	721
976	581
977	745
978	752
979	768
980	709
981	606
982	827
983	629
984	681
985	854
986	616
987	836
988	709
989	704
990	737
991	903
992	520
993	697
994	708
995	669
996	839
997	600
998	795
999	639
1000	591
1001	765
1002	618
1003	722
1004	779
1005	661
1006	716
1007	661
1008	544
1009	672
1010	742
1011	725
1012	714
1013	598
1014	861
1015	624
1016	613
1017	769
1018	623
1019	774
1020	764
1021	675
1022	733
1023	1122
1024	195
1025	568
1026	676
1027	798
1028	703
1029	687
1030	747
1031	764
1032	521
1033	805
1034	568
1035	785
1036	654
1037	717
1038	680
1039	773
1040	417
1041	710
1042	669
1043	819
1044	616
1045	633
1046	756
1047	744
1048	484
1049	771
1050	552
1051	865
1052	569
1053	768
1054	677
1055	983
1056	407
1057	678
1058	678
1059	755
1060	646
1061	604
1062	787
1063	803
1064	437
1065	799
1066	568
1067	743
1068	644
1069	688
1070	731
1071	779
1072	464
1073	719
1074	651
1075	779
1076	592
1077	577
1078	778
1079	767
1080	408
1081	753
1082	570
1083	815
1084	590
1085	718
1086	666
1087	1045
1088	309
1089	648
1090	683
1091	713
1092	677
1093	576
1094	754
1095	689
1096	531
1097	758
1098	517
1099	691
1100	648
1101	698
1102	683
1103	779
1104	361
1105	676
1106	656
1107	883
1108	570
1109	612
1110	722
1111	660
1112	515
1113	744
1114	518
1115	794
1116	554
1117	687
1118	632
1119	926
1120	391
1121	707
1122	654
1123	677
1124	653
1125	565
1126	742
1127	700
1128	485
1129	767
1130	532
1131	698
1132	635
1133	631
1134	600
1135	787
1136	391
1137	637
1138	630
1139	750
1140	626
1141	573
1142	728
1143	729
1144	460
1145	746
1146	573
1147	780
1148	581
1149	647
1150	635
1151	1100
1152	268
1153	589
1154	594
1155	657
1156	666
1157	584
1158	707
1159	589
1160	511
1161	714
1162	521
1163	678
1164	670
1165	663
1166	614
1167	678
1168	470
1169	722
1170	573
1171	743
1172	562
1173	569
1174	696
1175	599
1176	509
1177	758
1178	527
1179	727
1180	547
1181	648
1182	557
1183	925
1184	318
1185	601
1186	640
1187	663
1188	563
1189	571
1190	682
1191	659
1192	425
1193	704
1194	556
1195	635
1196	657
1197	671
1198	611
1199	659
1200	465
1201	623
1202	609
1203	706
1204	650
1205	565
1206	721
1207	640
1208	421
1209	719
1210	497
1211	699
1212	591
1213	638
1214	595
1215	897
1216	375
1217	610
1218	622
1219	617
1220	645
1221	587
1222	626
1223	552
1224	544
1225	712
1226	504
1227	606
1228	621
1229	606
1230	583
1231	690
1232	390
1233	637
1234	574
1235	736
1236	601
1237	567
1238	718
1239	585
1240	521
1241	679
1242	511
1243	705
1244	554
1245	604
1246	589
1247	874
1248	358
1249	615
1250	621
1251	645
1252	618
1253	510
1254	731
1255	597
1256	432
1257	715
1258	534
1259	617
1260	652
1261	602
1262	573
1263	656
1264	385
1265	585
1266	575
1267	726
1268	579
1269	508
1270	675
1271	603
1272	425
1273	723
1274	523
1275	674
1276	557
1277	586
1278	607
1279	1010
1280	228
1281	517
1282	602
1283	607
1284	559
1285	541
1286	691
1287	568
1288	498
1289	657
1290	520
1291	596
1292	630
1293	598
1294	587
1295	591
1296	432
1297	618
1298	573
1299	673
1300	544
1301	513
1302	644
1303	593
1304	478
1305	648
1306	480
1307	707
1308	526
1309	567
1310	559
1311	800
1312	399
1313	610
1314	592
1315	620
1316	625
1317	520
1318	653
1319	657
1320	410
1321	665
1322	466
1323	604
1324	625
1325	623
1326	631
1327	594
1328	473
1329	606
1330	599
1331	702
1332	609
1333	471
1334	697
1335	656
1336	428
1337	685
1338	514
1339	731
1340	493
1341	622
1342	633
1343	918
1344	337
1345	596
1346	592
1347	635
1348	648
1349	551
1350	689
1351	555
1352	513
1353	708
1354	526
1355	663
1356	673
1357	656
1358	614
1359	670
1360	470
1361	626
1362	619
1363	758
1364	613
1365	532
1366	754
1367	589
1368	616
1369	719
1370	554
1371	759
1372	557
1373	660
1374	594
1375	771
1376	498
1377	594
1378	593
1379	617
1380	709
1381	545
1382	757
1383	600
1384	497
1385	709
1386	514
1387	652
1388	679
1389	673
1390	576
1391	693
1392	464
1393	604
1394	589
1395	699
1396	644
1397	498
1398	738
1399	646
1400	485
1401	717
1402	527
1403	672
1404	573
1405	606
1406	589
1407	860
1408	426
1409	608
1410	562
1411	632
1412	666
1413	507
1414	683
1415	543
1416	524
1417	714
1418	470
1419	622
1420	633
1421	631
1422	552
1423	608
1424	502
1425	561
1426	540
1427	682
1428	533
1429	487
1430	707
1431	505
1432	496
1433	667
1434	488
1435	657
1436	551
1437	576
1438	586
1439	766
1440	356
1441	568
1442	603
1443	579
1444	609
1445	491
1446	681
1447	524
1448	450
1449	648
1450	458
1451	549
1452	593
1453	593
1454	537
1455	470
1456	513
1457	544
1458	574
1459	626
1460	533
1461	430
1462	651
1463	541
1464	403
1465	621
1466	479
1467	625
1468	511
1469	549
1470	546
1471	789
1472	383
1473	492
1474	555
1475	544
1476	645
1477	441
1478	635
1479	412
1480	513
1481	649
1482	440
1483	510
1484	629
1485	546
1486	512
1487	547
1488	393
1489	504
1490	515
1491	586
1492	513
1493	468
1494	646
1495	455
1496	457
1497	613
1498	464
1499	572
1500	487
1501	539
1502	566
1503	641
1504	410
1505	470
1506	536
1507	500
1508	663
1509	464
1510	610
1511	490
1512	461
1513	581
1514	482
1515	486
1516	608
1517	533
1518	541
1519	504
1520	428
1521	537
1522	486
1523	621
1524	507
1525	453
1526	623
1527	517
1528	427
1529	593
1530	481
1531	609
1532	518
1533	539
1534	576
1535	782
1536	297
1537	459
1538	489
1539	575
1540	639
1541	474
1542	632
1543	522
1544	422
1545	610
1546	454
1547	550
1548	609
1549	574
1550	515
1551	529
1552	389
1553	546
1554	507
1555	645
1556	494
1557	462
1558	555
1559	518
1560	447
1561	632
1562	435
1563	650
1564	488
1565	517
1566	520
1567	671
1568	390
1569	530
1570	502
1571	555
1572	561
1573	468
1574	623
1575	552
1576	392
1577	615
1578	404
1579	576
1580	596
1581	551
1582	511
1583	511
1584	416
1585	493
1586	546
1587	587
1588	485
1589	445
1590	577
1591	562
1592	405
1593	642
1594	410
1595	624
1596	493
1597	525
1598	479
1599	608
1600	374
1601	537
1602	575
1603	487
1604	569
1605	451
1606	553
1607	471
1608	461
1609	602
1610	409
1611	503
1612	547
1613	534
1614	518
1615	522
1616	335
1617	514
1618	544
1619	637
1620	532
1621	435
1622	607
1623	439
1624	487
1625	586
1626	440
1627	624
1628	492
1629	519
1630	517
1631	589
1632	425
1633	529
1634	522
1635	524
1636	599
1637	403
1638	576
1639	502
1640	401
1641	597
1642	436
1643	515
1644	569
1645	495
1646	493
1647	543
1648	389
1649	485
1650	540
1651	580
1652	537
1653	412
1654	621
1655	495
1656	393
1657	610
1658	423
1659	579
1660	499
1661	516
1662	491
1663	774
1664	302
1665	489
1666	505
1667	535
1668	542
1669	433
1670	581
1671	416
1672	471
1673	609
1674	410
1675	550
1676	555
1677	522
1678	566
1679	466
1680	496
1681	504
1682	534
1683	587
1684	512
1685	417
1686	606
1687	380
1688	455
1689	584
1690	402
1691	650
1692	463
1693	488
1694	514
1695	631
1696	361
1697	541
1698	491
1699	541
1700	559
1701	413
1702	616
1703	514
1704	385
1705	571
1706	431
1707	531
1708	607
1709	504
1710	471
1711	417
1712	504
1713	490
1714	526
1715	563
1716	498
1717	429
1718	557
1719	469
1720	392
1721	532
1722	402
1723	579
1724	489
1725	501
1726	504
1727	596
1728	412
1729	474
1730	541
1731	532
1732	544
1733	367
1734	612
1735	400
1736	509
1737	572
1738	435
1739	502
1740	595
1741	524
1742	521
1743	521
1744	427
1745	534
1746	505
1747	529
1748	493
1749	391
1750	622
1751	416
1752	466
1753	564
1754	416
1755	589
1756	465
1757	478
1758	538
1759	584
1760	386
1761	493
1762	484
1763	454
1764	588
1765	416
1766	591
1767	487
1768	443
1769	605
1770	397
1771	489
1772	596
1773	500
1774	492
1775	500
1776	403
1777	486
1778	508
1779	566
1780	505
1781	396
1782	634
1783	466
1784	402
1785	558
1786	456
1787	561
1788	487
1789	471
1790	495
1791	628
1792	317
1793	443
1794	543
1795	471
1796	558
1797	427
1798	617
1799	434
1800	452
1801	599
1802	427
1803	504
1804	551
1805	486
1806	493
1807	426
1808	457
1809	536
1810	459
1811	604
1812	523
1813	438
1814	617
1815	398
1816	472
1817	588
1818	421
1819	585
1820	552
1821	530
1822	533
1823	568
1824	468
1825	495
1826	484
1827	483
1828	622
1829	419
1830	620
1831	498
1832	389
1833	606
1834	423
1835	525
1836	624
1837	497
1838	431
1839	392
1840	504
1841	494
1842	482
1843	528
1844	490
1845	438
1846	611
1847	457
1848	393
1849	587
1850	474
1851	580
1852	494
1853	519
1854	548
1855	531
1856	410
1857	464
1858	520
1859	466
1860	570
1861	394
1862	606
1863	413
1864	447
1865	588
1866	425
1867	473
1868	590
1869	532
1870	506
1871	501
1872	395
1873	512
1874	510
1875	527
1876	539
1877	413
1878	569
1879	405
1880	533
1881	597
1882	415
1883	567
1884	513
1885	477
1886	482
1887	468
1888	493
1889	491
1890	517
1891	509
1892	660
1893	385
1894	616
1895	494
1896	375
1897	589
1898	404
1899	459
1900	578
1901	532
1902	488
1903	473
1904	416
1905	506
1906	542
1907	580
1908	541
1909	405
1910	602
1911	415
1912	463
1913	572
1914	400
1915	581
1916	489
1917	474
1918	490
1919	584
1920	439
1921	479
1922	468
1923	497
1924	590
1925	424
1926	577
1927	381
1928	536
1929	566
1930	420
1931	488
1932	588
1933	502
1934	513
1935	362
1936	519
1937	495
1938	496
1939	561
1940	539
1941	409
1942	607
1943	371
1944	500
1945	590
1946	412
1947	558
1948	542
1949	468
1950	467
1951	534
1952	431
1953	533
1954	496
1955	465
1956	623
1957	398
1958	629
1959	444
1960	426
1961	629
1962	402
1963	429
1964	597
1965	466
1966	487
1967	319
1968	534
1969	499
1970	505
1971	588
1972	564
1973	413
1974	605
1975	442
1976	399
1977	591
1978	453
1979	570
1980	544
1981	501
1982	470
1983	510
1984	474
1985	463
1986	550
1987	473
1988	613
1989	339
1990	614
1991	354
1992	508
1993	577
1994	425
1995	440
1996	646
1997	486
1998	536
1999	447
2000	482
2001	493
2002	532
2003	568
2004	515
2005	376
2006	597
2007	364
2008	519
2009	627
2010	415
2011	584
2012	533
2013	516
2014	479
2015	508
2016	509
2017	500
2018	501
2019	470
2020	609
2021	426
2022	611
2023	409
2024	460
2025	628
2026	440
2027	455
2028	619
2029	500
2030	509
2031	416
2032	480
2033	498
2034	530
2035	534
2036	517
2037	394
2038	607
2039	429
2040	460
2041	570
2042	450
2043	616
2044	534
2045	516
2046	532
2047	597
2048	380
2049	485
2050	509
2051	563
2052	595
2053	435
2054	593
2055	510
2056	451
2057	628
2058	379
2059	525
2060	548
2061	509
2062	487
2063	520
2064	441
2065	497
2066	466
2067	669
2068	504
2069	455
2070	597
2071	434
2072	472
2073	589
2074	411
2075	636
2076	474
2077	542
2078	509
2079	603
2080	384
2081	525
2082	497
2083	540
2084	554
2085	458
2086	625
2087	540
2088	379
2089	542
2090	401
2091	530
2092	577
2093	544
2094	470
2095	448
2096	439
2097	548
2098	477
2099	588
2100	477
2101	424
2102	629
2103	527
2104	390
2105	615
2106	424
2107	671
2108	495
2109	540
2110	512
2111	571
2112	424
2113	492
2114	478
2115	536
2116	584
2117	434
2118	633
2119	444
2120	488
2121	614
2122	396
2123	561
2124	528
2125	553
2126	459
2127	604
2128	393
2129	551
2130	516
2131	669
2132	525
2133	460
2134	599
2135	425
2136	454
2137	621
2138	429
2139	668
2140	507
2141	592
2142	536
2143	564
2144	474
2145	511
2146	538
2147	564
2148	631
2149	428
2150	628
2151	519
2152	379
2153	620
2154	438
2155	528
2156	640
2157	556
2158	516
2159	548
2160	403
2161	520
2162	474
2163	622
2164	553
2165	452
2166	625
2167	508
2168	399
2169	666
2170	450
2171	641
2172	519
2173	541
2174	526
2175	598
2176	471
2177	572
2178	535
2179	578
2180	645
2181	487
2182	628
2183	419
2184	558
2185	663
2186	451
2187	501
2188	624
2189	540
2190	554
2191	476
2192	486
2193	550
2194	537
2195	643
2196	545
2197	467
2198	597
2199	430
2200	532
2201	673
2202	487
2203	627
2204	522
2205	567
2206	550
2207	652
2208	418
2209	551
2210	568
2211	547
2212	674
2213	464
2214	611
2215	544
2216	408
2217	680
2218	470
2219	525
2220	649
2221	553
2222	514
2223	428
2224	596
2225	577
2226	522
2227	670
2228	556
2229	411
2230	686
2231	537
2232	386
2233	662
2234	425
2235	633
2236	576
2237	567
2238	538
2239	490
2240	502
2241	538
2242	540
2243	569
2244	648
2245	458
2246	665
2247	466
2248	558
2249	680
2250	461
2251	546
2252	662
2253	599
2254	562
2255	503
2256	493
2257	595
2258	543
2259	683
2260	568
2261	485
2262	710
2263	419
2264	586
2265	682
2266	471
2267	671
2268	571
2269	551
2270	521
2271	668
2272	480
2273	579
2274	615
2275	548
2276	663
2277	439
2278	669
2279	463
2280	448
2281	705
2282	490
2283	516
2284	709
2285	581
2286	612
2287	542
2288	472
2289	540
2290	587
2291	659
2292	623
2293	488
2294	721
2295	522
2296	459
2297	664
2298	495
2299	655
2300	578
2301	563
2302	543
2303	509
2304	600
2305	545
2306	555
2307	590
2308	727
2309	460
2310	702
2311	442
2312	551
2313	739
2314	435
2315	576
2316	683
2317	598
2318	556
2319	491
2320	556
2321	632
2322	568
2323	716
2324	530
2325	517
2326	685
2327	471
2328	545
2329	720
2330	474
2331	713
2332	557
2333	632
2334	601
2335	602
2336	567
2337	572
2338	577
2339	561
2340	773
2341	534
2342	706
2343	617
2344	467
2345	728
2346	469
2347	541
2348	746
2349	574
2350	577
2351	472
2352	619
2353	574
2354	590
2355	696
2356	541
2357	502
2358	711
2359	516
2360	477
2361	761
2362	464
2363	693
2364	593
2365	607
2366	603
2367	654
2368	493
2369	565
2370	584
2371	570
2372	735
2373	436
2374	734
2375	444
2376	591
2377	671
2378	487
2379	530
2380	721
2381	607
2382	639
2383	560
2384	497
2385	600
2386	571
2387	659
2388	599
2389	457
2390	665
2391	442
2392	622
2393	676
2394	514
2395	687
2396	605
2397	586
2398	595
2399	527
2400	583
2401	588
2402	596
2403	582
2404	744
2405	496
2406	700
2407	513
2408	486
2409	707
2410	501
2411	558
2412	706
2413	594
2414	565
2415	518
2416	465
2417	599
2418	570
2419	675
2420	608
2421	449
2422	696
2423	501
2424	463
2425	690
2426	482
2427	644
2428	629
2429	566
2430	557
2431	520
2432	640
2433	628
2434	575
2435	591
2436	619
2437	441
2438	643
2439	411
2440	584
2441	680
2442	459
2443	536
2444	657
2445	557
2446	536
2447	380
2448	586
2449	513
2450	563
2451	642
2452	521
2453	441
2454	656
2455	351
2456	554
2457	603
2458	423
2459	664
2460	493
2461	501
2462	594
2463	565
2464	458
2465	493
2466	561
2467	504
2468	676
2469	408
2470	663
2471	452
2472	440
2473	619
2474	406
2475	446
2476	605
2477	509
2478	493
2479	362
2480	517
2481	481
2482	498
2483	555
2484	451
2485	388
2486	616
2487	420
2488	397
2489	599
2490	392
2491	535
2492	533
2493	527
2494	439
2495	451
2496	461
2497	460
2498	478
2499	419
2500	598
2501	372
2502	584
2503	321
2504	483
2505	548
2506	381
2507	432
2508	579
2509	417
2510	424
2511	371
2512	417
2513	423
2514	497
2515	467
2516	452
2517	382
2518	549
2519	312
2520	473
2521	565
2522	364
2523	481
2524	438
2525	389
2526	438
2527	417
2528	416
2529	411
2530	456
2531	393
2532	534
2533	330
2534	473
2535	388
2536	365
2537	468
2538	392
2539	371
2540	569
2541	390
2542	418
2543	342
2544	383
2545	434
2546	441
2547	444
2548	441
2549	279
2550	457
2551	320
2552	373
2553	451
2554	317
2555	468
2556	413
2557	377
2558	389
2559	333
2560	410
2561	382
2562	399
2563	402
2564	462
2565	319
2566	442
2567	335
2568	358
2569	462
2570	314
2571	395
2572	481
2573	399
2574	393
2575	319
2576	361
2577	384
2578	368
2579	491
2580	368
2581	334
2582	482
2583	318
2584	391
2585	448
2586	318
2587	488
2588	348
2589	378
2590	382
2591	370
2592	384
2593	403
2594	365
2595	329
2596	434
2597	282
2598	438
2599	376
2600	298
2601	462
2602	269
2603	387
2604	422
2605	396
2606	343
2607	332
2608	369
2609	373
2610	379
2611	431
2612	361
2613	293
2614	444
2615	351
2616	296
2617	470
2618	289
2619	431
2620	332
2621	398
2622	374
2623	316
2624	406
2625	365
2626	417
2627	371
2628	411
2629	324
2630	444
2631	285
2632	393
2633	453
2634	301
2635	384
2636	446
2637	390
2638	362
2639	356
2640	309
2641	382
2642	363
2643	462
2644	383
2645	272
2646	438
2647	274
2648	361
2649	458
2650	294
2651	450
2652	357
2653	383
2654	353
2655	366
2656	378
2657	363
2658	373
2659	302
2660	398
2661	284
2662	455
2663	349
2664	297
2665	437
2666	274
2667	351
2668	449
2669	366
2670	364
2671	305
2672	279
2673	344
2674	364
2675	426
2676	402
2677	291
2678	447
2679	300
2680	294
2681	394
2682	279
2683	411
2684	396
2685	350
2686	330
2687	360
2688	337
2689	330
2690	359
2691	345
2692	451
2693	268
2694	418
2695	273
2696	366
2697	386
2698	271
2699	325
2700	437
2701	375
2702	394
2703	244
2704	339
2705	315
2706	367
2707	418
2708	357
2709	285
2710	438
2711	294
2712	360
2713	426
2714	266
2715	398
2716	357
2717	368
2718	366
2719	357
2720	324
2721	367
2722	333
2723	347
2724	419
2725	281
2726	439
2727	323
2728	294
2729	435
2730	254
2731	302
2732	459
2733	352
2734	347
2735	253
2736	412
2737	386
2738	382
2739	367
2740	384
2741	267
2742	441
2743	304
2744	289
2745	419
2746	279
2747	426
2748	346
2749	372
2750	368
2751	291
2752	391
2753	300
2754	386
2755	355
2756	432
2757	261
2758	429
2759	257
2760	370
2761	428
2762	285
2763	350
2764	419
2765	364
2766	356
2767	291
2768	299
2769	354
2770	317
2771	363
2772	398
2773	272
2774	415
2775	234
2776	363
2777	387
2778	248
2779	401
2780	332
2781	312
2782	322
2783	320
2784	327
2785	324
2786	384
2787	270
2788	385
2789	267
2790	430
2791	293
2792	277
2793	358
2794	271
2795	291
2796	391
2797	309
2798	330
2799	274
2800	306
2801	322
2802	298
2803	358
2804	354
2805	252
2806	414
2807	260
2808	274
2809	367
2810	242
2811	362
2812	345
2813	273
2814	274
2815	220
2816	370
2817	272
2818	294
2819	305
2820	349
2821	238
2822	393
2823	205
2824	273
2825	382
2826	210
2827	311
2828	322
2829	323
2830	272
2831	191
2832	279
2833	266
2834	267
2835	328
2836	280
2837	219
2838	352
2839	203
2840	287
2841	302
2842	234
2843	308
2844	258
2845	277
2846	225
2847	229
2848	276
2849	261
2850	248
2851	216
2852	315
2853	186
2854	295
2855	219
2856	226
2857	300
2858	209
2859	248
2860	296
2861	239
2862	265
2863	159
2864	261
2865	250
2866	263
2867	270
2868	242
2869	171
2870	291
2871	204
2872	217
2873	289
2874	174
2875	252
2876	245
2877	225
2878	217
2879	227
2880	221
2881	241
2882	190
2883	240
2884	272
2885	169
2886	247
2887	159
2888	220
2889	293
2890	164
2891	205
2892	318
2893	214
2894	229
2895	196
2896	212
2897	224
2898	213
2899	273
2900	239
2901	165
2902	277
2903	150
2904	254
2905	268
2906	159
2907	263
2908	241
2909	256
2910	207
2911	195
2912	268
2913	230
2914	272
2915	197
2916	312
2917	198
2918	346
2919	209
2920	252
2921	341
2922	233
2923	282
2924	373
2925	245
2926	276
2927	272
2928	254
2929	290
2930	278
2931	385
2932	328
2933	239
2934	374
2935	281
2936	272
2937	385
2938	264
2939	395
2940	404
2941	359
2942	350
2943	336
2944	399
2945	353
2946	422
2947	378
2948	516
2949	325
2950	562
2951	315
2952	475
2953	561
2954	346
2955	465
2956	618
2957	483
2958	480
2959	311
2960	575
2961	532
2962	578
2963	642
2964	534
2965	413
2966	703
2967	381
2968	633
2969	702
2970	491
2971	746
2972	651
2973	623
2974	697
2975	656
2976	649
2977	644
2978	714
2979	680
2980	907
2981	588
2982	930
2983	606
2984	659
2985	925
2986	600
2987	697
2988	1126
2989	871
2990	831
2991	554
2992	999
2993	867
2994	977
2995	1137
2996	958
2997	679
2998	1283
2999	826
3000	871
3001	1123
3002	833
3003	1165
3004	1109
3005	985
3006	969
3007	949
3008	1126
3009	1018
3010	1121
3011	1027
3012	1399
3013	795
3014	1379
3015	707
3016	1341
3017	1462
3018	939
3019	1026
3020	1577
3021	1151
3022	1222
3023	988
3024	1198
3025	1196
3026	1264
3027	1447
3028	1384
3029	935
3030	1607
3031	789
3032	1409
3033	1517
3034	1073
3035	1452
3036	1347
3037	1285
3038	1321
3039	1200
3040	1344
3041	1306
3042	1354
3043	1200
3044	1760
3045	936
3046	1773
3047	1087
3048	1192
3049	1536
3050	1029
3051	1116
3052	1739
3053	1254
3054	1314
3055	995
3056	1288
3057	1235
3058	1427
3059	1402
3060	1450
3061	949
3062	1670
3063	1033
3064	1167
3065	1549
3066	1012
3067	1467
3068	1352
3069	1092
3070	966
3071	476
3072	1627
3073	1296
3074	1179
3075	1234
3076	1344
3077	971
3078	1433
3079	960
3080	1099
3081	1501
3082	828
3083	1070
3084	1354
3085	1150
3086	1025
3087	921
3088	987
3089	1093
3090	1071
3091	1225
3092	896
3093	800
3094	1175
3095	770
3096	941
3097	1125
3098	732
3099	1231
3100	861
3101	891
3102	870
3103	878
3104	804
3105	780
3106	862
3107	883
3108	969
3109	659
3110	937
3111	779
3112	555
3113	909
3114	557
3115	748
3116	846
3117	686
3118	651
3119	574
3120	647
3121	630
3122	662
3123	720
3124	556
3125	467
3126	755
3127	590
3128	381
3129	686
3130	375
3131	593
3132	518
3133	492
3134	484
3135	438
3136	405
3137	446
3138	464
3139	467
3140	487
3141	297
3142	470
3143	311
3144	366
3145	463
3146	285
3147	350
3148	387
3149	316
3150	289
3151	308
3152	213
3153	297
3154	293
3155	354
3156	240
3157	209
3158	299
3159	182
3160	234
3161	280
3162	191
3163	267
3164	204
3165	216
3166	206
3167	201
3168	203
3169	192
3170	208
3171	156
3172	218
3173	125
3174	204
3175	134
3176	111
3177	188
3178	114
3179	111
3180	154
3181	132
3182	127
3183	103
3184	83
3185	113
3186	139
3187	129
3188	98
3189	85
3190	124
3191	96
3192	84
3193	129
3194	71
3195	104
3196	100
3197	87
3198	68
3199	68
3200	84
3201	70
3202	75
3203	78
3204	83
3205	58
3206	60
3207	59
3208	67
3209	76
3210	42
3211	72
3212	75
3213	62
3214	55
3215	60
3216	62
3217	41
3218	54
3219	68
3220	45
3221	44
3222	64
3223	35
3224	40
3225	66
3226	37
3227	69
3228	42
3229	48
3230	44
3231	57
3232	28
3233	47
3234	46
3235	57
3236	64
3237	37
3238	61
3239	59
3240	38
3241	57
3242	27
3243	62
3244	57
3245	46
3246	46
3247	36
3248	57
3249	54
3250	48
3251	67
3252	60
3253	42
3254	61
3255	58
3256	49
3257	74
3258	35
3259	74
3260	57
3261	58
3262	73
3263	52
3264	72
3265	51
3266	51
3267	65
3268	81
3269	52
3270	91
3271	49
3272	74
3273	110
3274	59
3275	75
3276	97
3277	84
3278	70
3279	68
3280	67
3281	81
3282	89
3283	104
3284	87
3285	71
3286	119
3287	63
3288	104
3289	103
3290	80
3291	115
3292	106
3293	110
3294	113
3295	119
3296	95
3297	111
3298	106
3299	108
3300	163
3301	100
3302	160
3303	125
3304	115
3305	189
3306	115
3307	129
3308	170
3309	145
3310	164
3311	146
3312	154
3313	181
3314	179
3315	222
3316	184
3317	121
3318	265
3319	197
3320	163
3321	246
3322	161
3323	261
3324	241
3325	232
3326	242
3327	289
3328	217
3329	237
3330	241
3331	269
3332	329
3333	244
3334	330
3335	232
3336	294
3337	416
3338	262
3339	279
3340	363
3341	332
3342	310
3343	256
3344	335
3345	375
3346	379
3347	470
3348	358
3349	296
3350	511
3351	293
3352	434
3353	519
3354	381
3355	558
3356	473
3357	472
3358	434
3359	405
3360	514
3361	511
3362	520
3363	519
3364	689
3365	412
3366	676
3367	539
3368	446
3369	739
3370	459
3371	580
3372	795
3373	687
3374	593
3375	454
3376	683
3377	647
3378	642
3379	844
3380	755
3381	468
3382	843
3383	703
3384	585
3385	967
3386	550
3387	927
3388	754
3389	793
3390	772
3391	799
3392	659
3393	795
3394	827
3395	821
3396	1101
3397	652
3398	1055
3399	636
3400	853
3401	1120
3402	739
3403	848
3404	1115
3405	899
3406	903
3407	845
3408	767
3409	941
3410	983
3411	1064
3412	957
3413	683
3414	1245
3415	682
3416	1093
3417	1251
3418	691
3419	1204
3420	1045
3421	1002
3422	1015
3423	872
3424	1079
3425	992
3426	1090
3427	952
3428	1344
3429	704
3430	1338
3431	965
3432	862
3433	1290
3434	785
3435	971
3436	1351
3437	1003
3438	1084
3439	940
3440	881
3441	984
3442	1107
3443	1264
3444	1084
3445	766
3446	1345
3447	908
3448	835
3449	1199
3450	818
3451	1210
3452	982
3453	997
3454	943
3455	749
3456	1140
3457	987
3458	992
3459	887
3460	1187
3461	710
3462	1174
3463	656
3464	1033
3465	1130
3466	663
3467	833
3468	1174
3469	943
3470	848
3471	605
3472	1004
3473	829
3474	873
3475	1105
3476	814
3477	614
3478	1097
3479	548
3480	918
3481	970
3482	611
3483	910
3484	783
3485	766
3486	804
3487	744
3488	613
3489	703
3490	783
3491	646
3492	929
3493	513
3494	903
3495	624
3496	544
3497	789
3498	466
3499	567
3500	803
3501	659
3502	555
3503	408
3504	613
3505	577
3506	563
3507	676
3508	581
3509	392
3510	704
3511	431
3512	411
3513	612
3514	355
3515	553
3516	521
3517	451
3518	447
3519	415
3520	417
3521	397
3522	450
3523	363
3524	515
3525	306
3526	468
3527	237
3528	398
3529	421
3530	252
3531	300
3532	408
3533	312
3534	319
3535	260
3536	273
3537	269
3538	259
3539	315
3540	266
3541	192
3542	296
3543	153
3544	262
3545	287
3546	172
3547	283
3548	252
3549	227
3550	183
3551	195
3552	177
3553	187
3554	172
3555	155
3556	240
3557	135
3558	225
3559	126
3560	140
3561	146
3562	108
3563	123
3564	187
3565	119
3566	121
3567	103
3568	99
3569	105
3570	123
3571	133
3572	121
3573	68
3574	129
3575	93
3576	79
3577	117
3578	57
3579	112
3580	81
3581	74
3582	77
3583	73
3584	62
3585	56
3586	61
3587	54
3588	82
3589	35
3590	95
3591	47
3592	58
3593	66
3594	36
3595	50
3596	62
3597	43
3598	36
3599	28
3600	57
3601	42
3602	28
3603	49
3604	25
3605	35
3606	32
3607	30
3608	46
3609	37
3610	27
3611	34
3612	28
3613	24
3614	26
3615	20
3616	29
3617	31
3618	14
3619	16
3620	33
3621	13
3622	34
3623	20
3624	16
3625	27
3626	14
3627	17
3628	27
3629	25
3630	23
3631	19
3632	11
3633	21
3634	16
3635	27
3636	20
3637	10
3638	8
3639	18
3640	6
3641	16
3642	13
3643	17
3644	16
3645	10
3646	10
3647	11
3648	19
3649	19
3650	16
3651	10
3652	22
3653	12
3654	13
3655	10
3656	18
3657	24
3658	6
3659	10
3660	18
3661	10
3662	10
3663	14
3664	17
3665	19
3666	14
3667	16
3668	7
3669	10
3670	18
3671	8
3672	20
3673	24
3674	14
3675	24
3676	10
3677	13
3678	22
3679	6
3680	15
3681	11
3682	14
3683	18
3684	19
3685	7
3686	25
3687	13
3688	18
3689	12
3690	12
3691	12
3692	16
3693	19
3694	16
3695	19
3696	9
3697	20
3698	21
3699	26
3700	15
3701	12
3702	21
3703	12
3704	21
3705	20
3706	16
3707	15
3708	17
3709	21
3710	18
3711	15
3712	10
3713	20
3714	17
3715	13
3716	12
3717	16
3718	22
3719	10
3720	18
3721	23
3722	12
3723	19
3724	21
3725	13
3726	12
3727	12
3728	14
3729	19
3730	11
3731	14
3732	17
3733	9
3734	19
3735	8
3736	15
3737	22
3738	16
3739	21
3740	22
3741	18
3742	28
3743	19
3744	6
3745	19
3746	18
3747	16
3748	28
3749	16
3750	20
3751	13
3752	9
3753	25
3754	9
3755	16
3756	20
3757	19
3758	11
3759	13
3760	19
3761	11
3762	22
3763	12
3764	17
3765	6
3766	25
3767	15
3768	16
3769	24
3770	9
3771	17
3772	12
3773	9
3774	12
3775	10
3776	18
3777	18
3778	17
3779	9
3780	19
3781	7
3782	27
3783	7
3784	21
3785	24
3786	12
3787	11
3788	20
3789	8
3790	11
3791	24
3792	10
3793	15
3794	13
3795	21
3796	16
3797	10
3798	25
3799	9
3800	11
3801	20
3802	11
3803	16
3804	9
3805	14
3806	18
3807	12
3808	11
3809	14
3810	15
3811	10
3812	9
3813	7
3814	21
3815	10
3816	13
3817	15
3818	14
3819	15
3820	16
3821	8
3822	10
3823	8
3824	9
3825	7
3826	10
3827	13
3828	8
3829	4
3830	15
3831	9
3832	10
3833	12
3834	7
3835	10
3836	12
3837	10
3838	12
3839	4
3840	4
3841	11
3842	10
3843	7
3844	11
3845	10
3846	12
3847	8
3848	16
3849	8
3850	2
3851	3
3852	9
3853	7
3854	9
3855	6
3856	10
3857	7
3858	7
3859	10
3860	11
3861	6
3862	20
3863	2
3864	9
3865	18
3866	3
3867	11
3868	5
3869	8
3870	7
3871	10
3872	10
3873	9
3874	8
3875	8
3876	10
3877	8
3878	11
3879	6
3880	5
3881	11
3882	3
3883	3
3884	13
3885	7
3886	7
3887	7
3888	3
3889	7
3890	3
3891	6
3892	8
3893	9
3894	9
3895	7
3896	1
3897	11
3898	3
3899	11
3900	6
3901	7
3902	6
3903	8
3904	7
3905	5
3906	7
3907	2
3908	6
3909	4
3910	5
3911	1
3912	7
3913	10
3914	7
3915	7
3916	8
3917	9
3918	4
3919	5
3920	5
3921	4
3922	5
3923	7
3924	6
3925	4
3926	6
3927	3
3928	4
3929	9
3930	6
3931	10
3932	6
3933	1
3934	6
3935	2
3936	10
3937	5
3938	6
3939	6
3940	10
3941	6
3942	7
3943	4
3944	2
3945	9
3946	6
3947	5
3948	8
3949	3
3950	3
3951	5
3952	5
3953	1
3954	7
3955	7
3956	9
3957	3
3958	9
3959	1
3960	3
3961	7
3962	7
3963	7
3964	4
3965	8
3966	5
3967	6
3968	8
3969	13
3970	6
3971	6
3972	8
3973	3
3974	3
3975	5
3976	5
3977	7
3978	2
3979	1
3980	7
3981	9
3982	6
3983	3
3984	2
3985	7
3986	3
3987	9
3988	1
3989	4
3990	7
3991	4
3992	10
3993	5
3994	3
3995	5
3996	7
3997	6
3998	6
3999	6
4000	4
