Channel number	Impulses
Channel/#	Impulses/#

0	0
1	0
2	0
3	0
4	0
5	0
6	0
7	0
8	0
9	0
10	0
11	0
12	0
13	0
14	0
15	0
16	0
17	0
18	0
19	1
20	0
21	0
22	0
23	0
24	0
25	0
26	0
27	0
28	0
29	0
30	0
31	0
32	0
33	0
34	0
35	0
36	0
37	0
38	0
39	0
40	0
41	0
42	0
43	0
44	0
45	0
46	0
47	1
48	2
49	15
50	32
51	43
52	23
53	35
54	36
55	34
56	25
57	50
58	37
59	48
60	38
61	44
62	41
63	64
64	19
65	44
66	46
67	40
68	44
69	43
70	50
71	52
72	35
73	54
74	55
75	61
76	56
77	71
78	70
79	91
80	37
81	65
82	90
83	136
84	85
85	122
86	171
87	242
88	166
89	308
90	259
91	420
92	323
93	492
94	417
95	662
96	207
97	382
98	330
99	352
100	275
101	227
102	219
103	188
104	123
105	167
106	117
107	130
108	105
109	118
110	98
111	128
112	56
113	85
114	78
115	86
116	62
117	52
118	46
119	61
120	48
121	50
122	45
123	54
124	28
125	58
126	39
127	92
128	13
129	58
130	48
131	65
132	33
133	38
134	45
135	42
136	44
137	54
138	38
139	51
140	29
141	44
142	48
143	58
144	19
145	40
146	41
147	58
148	36
149	42
150	42
151	49
152	28
153	49
154	40
155	52
156	41
157	43
158	36
159	76
160	22
161	48
162	50
163	49
164	54
165	32
166	47
167	65
168	25
169	45
170	39
171	46
172	56
173	50
174	46
175	44
176	27
177	56
178	54
179	58
180	51
181	52
182	73
183	60
184	39
185	65
186	42
187	55
188	38
189	52
190	51
191	79
192	12
193	58
194	55
195	61
196	57
197	50
198	69
199	76
200	69
201	72
202	66
203	79
204	84
205	93
206	104
207	89
208	61
209	115
210	89
211	142
212	103
213	95
214	131
215	128
216	106
217	156
218	109
219	158
220	134
221	157
222	119
223	170
224	70
225	108
226	104
227	100
228	100
229	86
230	112
231	99
232	73
233	77
234	75
235	88
236	59
237	76
238	73
239	76
240	51
241	67
242	73
243	113
244	69
245	76
246	85
247	86
248	60
249	91
250	82
251	73
252	91
253	76
254	77
255	145
256	28
257	64
258	71
259	80
260	66
261	65
262	84
263	69
264	44
265	69
266	43
267	57
268	41
269	63
270	63
271	59
272	47
273	62
274	58
275	69
276	60
277	54
278	46
279	65
280	42
281	52
282	57
283	62
284	40
285	52
286	51
287	85
288	33
289	45
290	52
291	50
292	53
293	41
294	58
295	69
296	33
297	74
298	40
299	58
300	58
301	56
302	52
303	59
304	51
305	44
306	48
307	46
308	52
309	65
310	61
311	69
312	33
313	60
314	44
315	69
316	50
317	58
318	48
319	89
320	23
321	53
322	41
323	59
324	60
325	63
326	57
327	61
328	48
329	57
330	58
331	51
332	54
333	51
334	49
335	49
336	39
337	64
338	61
339	55
340	45
341	52
342	65
343	52
344	39
345	57
346	45
347	59
348	58
349	50
350	39
351	60
352	40
353	47
354	54
355	58
356	52
357	34
358	50
359	70
360	39
361	64
362	58
363	61
364	62
365	65
366	60
367	59
368	35
369	60
370	53
371	65
372	46
373	44
374	52
375	46
376	44
377	59
378	46
379	72
380	56
381	58
382	60
383	79
384	24
385	50
386	37
387	57
388	58
389	46
390	51
391	66
392	46
393	44
394	46
395	60
396	60
397	53
398	53
399	59
400	39
401	56
402	46
403	49
404	49
405	52
406	50
407	47
408	43
409	58
410	49
411	66
412	47
413	53
414	48
415	87
416	40
417	49
418	47
419	42
420	53
421	52
422	43
423	50
424	41
425	51
426	39
427	55
428	51
429	48
430	39
431	45
432	42
433	50
434	44
435	44
436	59
437	49
438	66
439	56
440	37
441	45
442	37
443	50
444	42
445	54
446	51
447	64
448	38
449	57
450	55
451	40
452	51
453	39
454	58
455	55
456	44
457	41
458	41
459	49
460	56
461	55
462	41
463	53
464	29
465	48
466	46
467	61
468	43
469	58
470	55
471	49
472	48
473	52
474	33
475	60
476	50
477	48
478	55
479	73
480	27
481	48
482	65
483	49
484	61
485	49
486	51
487	55
488	36
489	51
490	51
491	36
492	54
493	59
494	54
495	64
496	29
497	58
498	44
499	55
500	56
501	53
502	77
503	59
504	43
505	77
506	49
507	64
508	47
509	64
510	57
511	98
512	21
513	50
514	61
515	86
516	49
517	53
518	73
519	42
520	50
521	58
522	39
523	73
524	40
525	59
526	47
527	54
528	44
529	69
530	59
531	74
532	49
533	50
534	65
535	53
536	38
537	59
538	43
539	57
540	44
541	59
542	58
543	72
544	23
545	59
546	50
547	72
548	66
549	48
550	65
551	55
552	38
553	58
554	43
555	63
556	51
557	64
558	53
559	59
560	34
561	42
562	60
563	59
564	45
565	46
566	56
567	59
568	28
569	59
570	49
571	58
572	48
573	50
574	54
575	81
576	25
577	58
578	55
579	41
580	48
581	44
582	61
583	55
584	41
585	73
586	46
587	50
588	48
589	67
590	49
591	65
592	27
593	38
594	53
595	68
596	46
597	36
598	60
599	47
600	39
601	54
602	41
603	48
604	59
605	61
606	52
607	74
608	26
609	59
610	47
611	52
612	59
613	58
614	62
615	41
616	35
617	55
618	46
619	61
620	53
621	52
622	43
623	60
624	20
625	35
626	37
627	55
628	39
629	39
630	49
631	57
632	30
633	57
634	46
635	60
636	45
637	50
638	50
639	85
640	17
641	47
642	47
643	49
644	51
645	48
646	41
647	41
648	33
649	49
650	34
651	58
652	51
653	46
654	40
655	58
656	34
657	48
658	43
659	52
660	39
661	38
662	50
663	48
664	39
665	58
666	43
667	55
668	50
669	57
670	48
671	70
672	29
673	46
674	42
675	55
676	57
677	49
678	53
679	48
680	38
681	58
682	42
683	57
684	49
685	44
686	48
687	45
688	34
689	49
690	43
691	48
692	47
693	46
694	58
695	49
696	28
697	55
698	50
699	45
700	50
701	51
702	49
703	71
704	33
705	42
706	48
707	54
708	57
709	48
710	42
711	34
712	29
713	50
714	33
715	47
716	55
717	40
718	40
719	56
720	26
721	42
722	45
723	51
724	35
725	38
726	46
727	40
728	41
729	53
730	35
731	54
732	38
733	38
734	41
735	53
736	22
737	46
738	40
739	51
740	55
741	47
742	41
743	52
744	28
745	55
746	32
747	39
748	44
749	39
750	49
751	58
752	33
753	62
754	43
755	51
756	28
757	34
758	44
759	39
760	38
761	58
762	36
763	43
764	45
765	46
766	56
767	55
768	19
769	40
770	46
771	44
772	41
773	39
774	42
775	49
776	36
777	54
778	45
779	48
780	44
781	45
782	36
783	44
784	30
785	39
786	56
787	53
788	35
789	39
790	47
791	41
792	42
793	40
794	35
795	49
796	30
797	44
798	34
799	48
800	26
801	41
802	48
803	59
804	48
805	23
806	51
807	38
808	22
809	49
810	42
811	54
812	41
813	40
814	38
815	40
816	33
817	42
818	38
819	42
820	32
821	39
822	42
823	39
824	25
825	43
826	32
827	57
828	33
829	42
830	43
831	46
832	30
833	38
834	48
835	41
836	45
837	31
838	38
839	43
840	40
841	59
842	31
843	36
844	52
845	33
846	36
847	39
848	34
849	31
850	30
851	53
852	31
853	35
854	39
855	36
856	31
857	36
858	29
859	49
860	43
861	34
862	37
863	52
864	20
865	31
866	37
867	50
868	38
869	30
870	42
871	36
872	31
873	46
874	43
875	50
876	39
877	47
878	39
879	43
880	25
881	42
882	41
883	51
884	46
885	33
886	40
887	37
888	22
889	50
890	35
891	44
892	33
893	43
894	40
895	61
896	13
897	50
898	39
899	34
900	27
901	30
902	48
903	35
904	31
905	41
906	25
907	41
908	37
909	36
910	43
911	38
912	23
913	39
914	43
915	49
916	36
917	36
918	38
919	47
920	44
921	35
922	45
923	46
924	40
925	41
926	40
927	58
928	39
929	42
930	30
931	50
932	44
933	30
934	37
935	37
936	26
937	38
938	31
939	36
940	44
941	36
942	40
943	30
944	33
945	30
946	42
947	26
948	39
949	42
950	41
951	47
952	38
953	42
954	22
955	44
956	41
957	43
958	28
959	45
960	30
961	29
962	39
963	35
964	33
965	33
966	36
967	37
968	30
969	47
970	35
971	56
972	43
973	36
974	40
975	32
976	25
977	49
978	28
979	44
980	27
981	40
982	42
983	31
984	30
985	45
986	31
987	42
988	37
989	37
990	25
991	45
992	27
993	42
994	51
995	51
996	33
997	22
998	42
999	33
1000	24
1001	34
1002	28
1003	36
1004	41
1005	31
1006	33
1007	46
1008	30
1009	30
1010	42
1011	39
1012	43
1013	37
1014	43
1015	39
1016	25
1017	41
1018	32
1019	41
1020	36
1021	36
1022	34
1023	65
1024	5
1025	32
1026	43
1027	42
1028	22
1029	26
1030	45
1031	38
1032	29
1033	49
1034	33
1035	47
1036	45
1037	31
1038	53
1039	45
1040	25
1041	48
1042	28
1043	46
1044	33
1045	40
1046	44
1047	43
1048	26
1049	49
1050	25
1051	30
1052	32
1053	31
1054	41
1055	50
1056	13
1057	37
1058	39
1059	39
1060	30
1061	34
1062	35
1063	36
1064	18
1065	43
1066	19
1067	28
1068	46
1069	41
1070	41
1071	27
1072	30
1073	30
1074	32
1075	49
1076	39
1077	38
1078	38
1079	29
1080	31
1081	50
1082	39
1083	48
1084	41
1085	32
1086	39
1087	63
1088	15
1089	25
1090	35
1091	47
1092	39
1093	30
1094	34
1095	48
1096	27
1097	44
1098	31
1099	36
1100	35
1101	32
1102	36
1103	58
1104	23
1105	31
1106	38
1107	40
1108	38
1109	32
1110	39
1111	35
1112	29
1113	32
1114	29
1115	38
1116	35
1117	48
1118	41
1119	34
1120	22
1121	31
1122	43
1123	28
1124	30
1125	28
1126	34
1127	43
1128	24
1129	45
1130	27
1131	45
1132	35
1133	36
1134	42
1135	42
1136	17
1137	30
1138	39
1139	49
1140	30
1141	25
1142	29
1143	35
1144	19
1145	49
1146	24
1147	48
1148	30
1149	46
1150	32
1151	62
1152	12
1153	38
1154	38
1155	42
1156	36
1157	39
1158	43
1159	32
1160	27
1161	48
1162	32
1163	47
1164	31
1165	36
1166	27
1167	52
1168	20
1169	26
1170	42
1171	40
1172	26
1173	35
1174	33
1175	39
1176	22
1177	46
1178	22
1179	52
1180	26
1181	36
1182	29
1183	49
1184	12
1185	47
1186	39
1187	36
1188	37
1189	28
1190	38
1191	51
1192	19
1193	43
1194	25
1195	40
1196	40
1197	30
1198	38
1199	39
1200	16
1201	37
1202	28
1203	44
1204	30
1205	28
1206	48
1207	26
1208	24
1209	42
1210	33
1211	29
1212	36
1213	23
1214	37
1215	45
1216	15
1217	29
1218	44
1219	25
1220	32
1221	26
1222	27
1223	28
1224	32
1225	33
1226	19
1227	30
1228	35
1229	28
1230	30
1231	44
1232	20
1233	32
1234	30
1235	44
1236	28
1237	30
1238	33
1239	23
1240	31
1241	30
1242	12
1243	26
1244	25
1245	24
1246	31
1247	44
1248	15
1249	26
1250	31
1251	22
1252	27
1253	25
1254	23
1255	26
1256	20
1257	26
1258	15
1259	22
1260	23
1261	22
1262	21
1263	28
1264	18
1265	13
1266	15
1267	25
1268	30
1269	14
1270	20
1271	27
1272	16
1273	26
1274	24
1275	21
1276	30
1277	20
1278	24
1279	32
1280	2
1281	14
1282	21
1283	21
1284	18
1285	17
1286	19
1287	21
1288	11
1289	23
1290	13
1291	15
1292	24
1293	21
1294	16
1295	20
1296	13
1297	16
1298	14
1299	15
1300	15
1301	19
1302	15
1303	16
1304	7
1305	18
1306	11
1307	22
1308	16
1309	14
1310	14
1311	16
1312	16
1313	15
1314	11
1315	24
1316	15
1317	21
1318	21
1319	13
1320	9
1321	17
1322	13
1323	10
1324	8
1325	16
1326	12
1327	10
1328	14
1329	10
1330	16
1331	15
1332	13
1333	12
1334	13
1335	13
1336	8
1337	10
1338	11
1339	22
1340	10
1341	10
1342	13
1343	14
1344	4
1345	13
1346	11
1347	14
1348	14
1349	13
1350	19
1351	12
1352	5
1353	11
1354	10
1355	17
1356	11
1357	11
1358	14
1359	12
1360	8
1361	12
1362	8
1363	13
1364	12
1365	9
1366	11
1367	8
1368	8
1369	13
1370	10
1371	11
1372	7
1373	12
1374	10
1375	13
1376	14
1377	10
1378	10
1379	12
1380	6
1381	10
1382	17
1383	12
1384	6
1385	19
1386	8
1387	12
1388	10
1389	5
1390	8
1391	10
1392	7
1393	12
1394	8
1395	9
1396	5
1397	9
1398	10
1399	6
1400	7
1401	8
1402	8
1403	9
1404	7
1405	2
1406	14
1407	11
1408	6
1409	12
1410	9
1411	5
1412	10
1413	4
1414	7
1415	8
1416	8
1417	7
1418	6
1419	7
1420	7
1421	8
1422	5
1423	7
1424	7
1425	12
1426	7
1427	10
1428	9
1429	5
1430	8
1431	6
1432	5
1433	9
1434	12
1435	10
1436	8
1437	8
1438	7
1439	13
1440	6
1441	12
1442	10
1443	4
1444	13
1445	9
1446	9
1447	6
1448	6
1449	5
1450	5
1451	3
1452	12
1453	5
1454	3
1455	3
1456	6
1457	4
1458	8
1459	4
1460	4
1461	7
1462	12
1463	8
1464	5
1465	9
1466	3
1467	6
1468	7
1469	4
1470	6
1471	5
1472	2
1473	8
1474	8
1475	4
1476	7
1477	4
1478	3
1479	7
1480	3
1481	4
1482	4
1483	6
1484	9
1485	5
1486	14
1487	9
1488	2
1489	5
1490	3
1491	8
1492	6
1493	6
1494	6
1495	2
1496	3
1497	9
1498	8
1499	7
1500	7
1501	9
1502	2
1503	11
1504	5
1505	4
1506	4
1507	3
1508	8
1509	5
1510	6
1511	6
1512	2
1513	12
1514	6
1515	4
1516	6
1517	10
1518	3
1519	4
1520	2
1521	5
1522	3
1523	7
1524	6
1525	3
1526	12
1527	2
1528	4
1529	2
1530	7
1531	9
1532	0
1533	4
1534	3
1535	10
1536	4
1537	1
1538	2
1539	7
1540	9
1541	2
1542	6
1543	4
1544	4
1545	9
1546	4
1547	0
1548	9
1549	7
1550	2
1551	6
1552	4
1553	5
1554	4
1555	3
1556	4
1557	5
1558	6
1559	6
1560	5
1561	5
1562	5
1563	6
1564	5
1565	3
1566	6
1567	8
1568	3
1569	6
1570	2
1571	3
1572	8
1573	4
1574	6
1575	6
1576	5
1577	6
1578	4
1579	7
1580	4
1581	7
1582	4
1583	7
1584	3
1585	4
1586	6
1587	9
1588	2
1589	5
1590	5
1591	3
1592	6
1593	6
1594	5
1595	3
1596	4
1597	2
1598	8
1599	2
1600	3
1601	7
1602	7
1603	15
1604	1
1605	4
1606	8
1607	1
1608	7
1609	7
1610	9
1611	9
1612	3
1613	2
1614	7
1615	2
1616	2
1617	6
1618	10
1619	8
1620	7
1621	3
1622	11
1623	3
1624	4
1625	12
1626	7
1627	3
1628	3
1629	10
1630	5
1631	10
1632	5
1633	5
1634	5
1635	11
1636	5
1637	6
1638	7
1639	6
1640	4
1641	12
1642	6
1643	7
1644	8
1645	6
1646	7
1647	10
1648	8
1649	16
1650	5
1651	8
1652	18
1653	5
1654	20
1655	10
1656	7
1657	22
1658	18
1659	19
1660	17
1661	14
1662	19
1663	28
1664	12
1665	21
1666	22
1667	21
1668	28
1669	24
1670	34
1671	28
1672	24
1673	29
1674	27
1675	26
1676	31
1677	30
1678	29
1679	31
1680	25
1681	32
1682	40
1683	47
1684	34
1685	40
1686	42
1687	34
1688	38
1689	57
1690	54
1691	56
1692	39
1693	63
1694	55
1695	84
1696	46
1697	51
1698	71
1699	68
1700	75
1701	70
1702	88
1703	85
1704	57
1705	110
1706	70
1707	80
1708	73
1709	91
1710	96
1711	71
1712	98
1713	93
1714	85
1715	126
1716	97
1717	71
1718	132
1719	113
1720	75
1721	114
1722	87
1723	137
1724	125
1725	144
1726	135
1727	158
1728	112
1729	126
1730	111
1731	115
1732	190
1733	127
1734	178
1735	120
1736	123
1737	156
1738	139
1739	157
1740	165
1741	171
1742	147
1743	178
1744	129
1745	150
1746	158
1747	189
1748	168
1749	127
1750	204
1751	118
1752	162
1753	212
1754	134
1755	219
1756	168
1757	184
1758	183
1759	225
1760	140
1761	169
1762	197
1763	183
1764	225
1765	142
1766	237
1767	166
1768	123
1769	223
1770	164
1771	169
1772	259
1773	168
1774	177
1775	150
1776	144
1777	158
1778	185
1779	194
1780	167
1781	135
1782	221
1783	148
1784	141
1785	191
1786	151
1787	167
1788	157
1789	148
1790	175
1791	181
1792	103
1793	141
1794	142
1795	145
1796	169
1797	122
1798	157
1799	112
1800	123
1801	142
1802	106
1803	147
1804	128
1805	127
1806	108
1807	87
1808	98
1809	125
1810	104
1811	127
1812	78
1813	88
1814	101
1815	82
1816	86
1817	98
1818	63
1819	106
1820	102
1821	89
1822	85
1823	75
1824	60
1825	70
1826	72
1827	73
1828	82
1829	50
1830	64
1831	62
1832	46
1833	63
1834	37
1835	47
1836	71
1837	43
1838	70
1839	38
1840	44
1841	39
1842	31
1843	39
1844	39
1845	44
1846	41
1847	40
1848	21
1849	27
1850	24
1851	29
1852	20
1853	30
1854	26
1855	26
1856	19
1857	14
1858	19
1859	27
1860	21
1861	12
1862	23
1863	7
1864	9
1865	14
1866	12
1867	14
1868	13
1869	11
1870	5
1871	5
1872	5
1873	10
1874	9
1875	11
1876	9
1877	2
1878	10
1879	4
1880	7
1881	5
1882	7
1883	8
1884	3
1885	7
1886	6
1887	4
1888	3
1889	6
1890	5
1891	5
1892	7
1893	4
1894	5
1895	2
1896	2
1897	4
1898	3
1899	4
1900	2
1901	2
1902	4
1903	3
1904	1
1905	1
1906	0
1907	0
1908	0
1909	0
1910	1
1911	0
1912	2
1913	3
1914	2
1915	3
1916	1
1917	2
1918	3
1919	2
1920	2
1921	4
1922	2
1923	1
1924	1
1925	1
1926	0
1927	1
1928	2
1929	1
1930	1
1931	2
1932	1
1933	0
1934	2
1935	1
1936	1
1937	1
1938	5
1939	0
1940	1
1941	2
1942	0
1943	1
1944	0
1945	2
1946	0
1947	3
1948	0
1949	5
1950	2
1951	0
1952	2
1953	1
1954	0
1955	0
1956	1
1957	0
1958	3
1959	2
1960	1
1961	2
1962	0
1963	1
1964	2
1965	2
1966	1
1967	3
1968	2
1969	0
1970	2
1971	2
1972	0
1973	2
1974	1
1975	1
1976	1
1977	1
1978	1
1979	3
1980	0
1981	1
1982	2
1983	2
1984	2
1985	1
1986	0
1987	0
1988	1
1989	0
1990	0
1991	1
1992	2
1993	3
1994	0
1995	0
1996	2
1997	2
1998	4
1999	1
2000	3
2001	2
2002	0
2003	3
2004	1
2005	1
2006	3
2007	3
2008	1
2009	1
2010	1
2011	1
2012	2
2013	1
2014	0
2015	0
2016	3
2017	1
2018	0
2019	1
2020	1
2021	0
2022	1
2023	0
2024	3
2025	1
2026	0
2027	1
2028	2
2029	0
2030	2
2031	1
2032	0
2033	2
2034	1
2035	1
2036	0
2037	0
2038	3
2039	0
2040	0
2041	2
2042	0
2043	3
2044	1
2045	1
2046	1
2047	0
2048	0
2049	0
2050	1
2051	2
2052	2
2053	4
2054	2
2055	1
2056	0
2057	0
2058	2
2059	1
2060	1
2061	3
2062	0
2063	1
2064	1
2065	1
2066	2
2067	0
2068	2
2069	0
2070	2
2071	0
2072	1
2073	0
2074	3
2075	1
2076	0
2077	1
2078	0
2079	2
2080	1
2081	0
2082	1
2083	2
2084	1
2085	0
2086	1
2087	3
2088	0
2089	2
2090	0
2091	2
2092	0
2093	0
2094	1
2095	0
2096	1
2097	0
2098	1
2099	1
2100	2
2101	0
2102	0
2103	2
2104	1
2105	2
2106	0
2107	2
2108	2
2109	2
2110	2
2111	4
2112	1
2113	2
2114	0
2115	1
2116	1
2117	0
2118	1
2119	1
2120	1
2121	1
2122	2
2123	1
2124	2
2125	1
2126	2
2127	2
2128	1
2129	1
2130	0
2131	2
2132	1
2133	1
2134	2
2135	0
2136	1
2137	0
2138	2
2139	1
2140	1
2141	0
2142	2
2143	0
2144	0
2145	2
2146	0
2147	0
2148	0
2149	1
2150	2
2151	0
2152	1
2153	2
2154	2
2155	0
2156	1
2157	3
2158	1
2159	1
2160	1
2161	1
2162	2
2163	1
2164	0
2165	1
2166	0
2167	2
2168	1
2169	0
2170	0
2171	1
2172	1
2173	1
2174	1
2175	1
2176	1
2177	0
2178	0
2179	3
2180	1
2181	0
2182	2
2183	1
2184	3
2185	2
2186	1
2187	1
2188	3
2189	1
2190	0
2191	0
2192	1
2193	1
2194	0
2195	1
2196	1
2197	0
2198	2
2199	0
2200	1
2201	1
2202	1
2203	1
2204	0
2205	1
2206	1
2207	0
2208	0
2209	2
2210	1
2211	2
2212	0
2213	0
2214	2
2215	1
2216	1
2217	1
2218	2
2219	1
2220	0
2221	3
2222	0
2223	0
2224	0
2225	1
2226	1
2227	1
2228	0
2229	0
2230	4
2231	0
2232	0
2233	1
2234	0
2235	0
2236	2
2237	1
2238	1
2239	1
2240	0
2241	2
2242	0
2243	0
2244	0
2245	2
2246	2
2247	1
2248	0
2249	1
2250	0
2251	0
2252	1
2253	1
2254	0
2255	1
2256	0
2257	0
2258	0
2259	1
2260	4
2261	1
2262	1
2263	0
2264	0
2265	1
2266	1
2267	2
2268	0
2269	0
2270	0
2271	1
2272	1
2273	1
2274	2
2275	1
2276	1
2277	0
2278	0
2279	1
2280	1
2281	1
2282	0
2283	0
2284	0
2285	2
2286	1
2287	1
2288	0
2289	2
2290	1
2291	0
2292	0
2293	1
2294	1
2295	0
2296	0
2297	0
2298	0
2299	4
2300	0
2301	1
2302	1
2303	2
2304	2
2305	1
2306	0
2307	0
2308	2
2309	0
2310	1
2311	0
2312	2
2313	1
2314	0
2315	1
2316	0
2317	3
2318	0
2319	0
2320	2
2321	1
2322	2
2323	3
2324	1
2325	2
2326	0
2327	1
2328	1
2329	2
2330	1
2331	0
2332	1
2333	1
2334	1
2335	1
2336	0
2337	1
2338	2
2339	1
2340	1
2341	0
2342	1
2343	1
2344	0
2345	0
2346	0
2347	1
2348	0
2349	0
2350	4
2351	0
2352	0
2353	1
2354	2
2355	0
2356	0
2357	0
2358	1
2359	2
2360	1
2361	1
2362	1
2363	1
2364	1
2365	1
2366	0
2367	0
2368	1
2369	1
2370	1
2371	2
2372	0
2373	0
2374	0
2375	1
2376	0
2377	1
2378	1
2379	1
2380	1
2381	0
2382	1
2383	0
2384	0
2385	0
2386	1
2387	1
2388	1
2389	0
2390	2
2391	1
2392	1
2393	2
2394	2
2395	0
2396	1
2397	2
2398	0
2399	0
2400	1
2401	1
2402	1
2403	1
2404	1
2405	0
2406	1
2407	0
2408	1
2409	0
2410	0
2411	3
2412	2
2413	0
2414	0
2415	0
2416	2
2417	1
2418	2
2419	1
2420	0
2421	0
2422	2
2423	4
2424	1
2425	2
2426	1
2427	2
2428	1
2429	2
2430	1
2431	3
2432	0
2433	0
2434	0
2435	0
2436	5
2437	1
2438	1
2439	0
2440	3
2441	1
2442	0
2443	1
2444	1
2445	0
2446	0
2447	1
2448	0
2449	1
2450	1
2451	0
2452	1
2453	0
2454	0
2455	1
2456	2
2457	1
2458	0
2459	0
2460	2
2461	1
2462	1
2463	0
2464	1
2465	1
2466	0
2467	0
2468	1
2469	0
2470	0
2471	0
2472	1
2473	2
2474	1
2475	1
2476	0
2477	1
2478	1
2479	0
2480	2
2481	2
2482	4
2483	2
2484	0
2485	1
2486	1
2487	0
2488	0
2489	0
2490	2
2491	0
2492	1
2493	1
2494	1
2495	0
2496	0
2497	1
2498	2
2499	0
2500	1
2501	0
2502	1
2503	0
2504	0
2505	1
2506	1
2507	1
2508	3
2509	2
2510	1
2511	1
2512	1
2513	0
2514	0
2515	4
2516	1
2517	1
2518	0
2519	0
2520	0
2521	2
2522	1
2523	1
2524	0
2525	0
2526	0
2527	2
2528	1
2529	1
2530	0
2531	1
2532	0
2533	0
2534	1
2535	1
2536	1
2537	0
2538	0
2539	1
2540	2
2541	1
2542	1
2543	0
2544	1
2545	2
2546	1
2547	0
2548	1
2549	0
2550	0
2551	2
2552	1
2553	2
2554	1
2555	1
2556	0
2557	1
2558	1
2559	2
2560	3
2561	2
2562	1
2563	3
2564	4
2565	0
2566	2
2567	0
2568	0
2569	1
2570	0
2571	1
2572	2
2573	2
2574	2
2575	1
2576	1
2577	2
2578	0
2579	0
2580	0
2581	2
2582	1
2583	0
2584	1
2585	3
2586	0
2587	4
2588	0
2589	0
2590	0
2591	1
2592	1
2593	1
2594	1
2595	0
2596	0
2597	0
2598	2
2599	0
2600	1
2601	0
2602	0
2603	1
2604	0
2605	1
2606	0
2607	1
2608	1
2609	0
2610	0
2611	0
2612	0
2613	1
2614	0
2615	1
2616	0
2617	0
2618	0
2619	0
2620	0
2621	0
2622	0
2623	0
2624	0
2625	1
2626	2
2627	0
2628	0
2629	0
2630	3
2631	0
2632	1
2633	1
2634	1
2635	0
2636	2
2637	3
2638	2
2639	0
2640	0
2641	0
2642	0
2643	2
2644	1
2645	0
2646	1
2647	0
2648	2
2649	1
2650	2
2651	0
2652	0
2653	1
2654	0
2655	1
2656	1
2657	0
2658	0
2659	3
2660	0
2661	0
2662	1
2663	0
2664	1
2665	1
2666	0
2667	0
2668	1
2669	1
2670	4
2671	0
2672	0
2673	1
2674	1
2675	3
2676	0
2677	1
2678	1
2679	1
2680	1
2681	3
2682	0
2683	3
2684	2
2685	1
2686	1
2687	0
2688	0
2689	0
2690	0
2691	1
2692	1
2693	1
2694	0
2695	1
2696	3
2697	1
2698	1
2699	2
2700	0
2701	0
2702	1
2703	1
2704	2
2705	1
2706	1
2707	1
2708	3
2709	1
2710	1
2711	0
2712	1
2713	1
2714	1
2715	0
2716	1
2717	0
2718	0
2719	0
2720	0
2721	1
2722	1
2723	0
2724	0
2725	1
2726	0
2727	1
2728	0
2729	1
2730	0
2731	0
2732	1
2733	1
2734	1
2735	1
2736	0
2737	1
2738	2
2739	1
2740	1
2741	0
2742	0
2743	0
2744	3
2745	1
2746	0
2747	1
2748	0
2749	2
2750	0
2751	1
2752	0
2753	1
2754	1
2755	0
2756	1
2757	1
2758	3
2759	0
2760	2
2761	0
2762	1
2763	1
2764	1
2765	0
2766	1
2767	1
2768	0
2769	1
2770	1
2771	0
2772	0
2773	2
2774	0
2775	0
2776	0
2777	1
2778	0
2779	1
2780	1
2781	0
2782	0
2783	1
2784	0
2785	0
2786	1
2787	0
2788	0
2789	0
2790	0
2791	1
2792	0
2793	2
2794	1
2795	0
2796	0
2797	0
2798	0
2799	0
2800	0
2801	3
2802	0
2803	0
2804	0
2805	0
2806	2
2807	0
2808	0
2809	2
2810	1
2811	0
2812	2
2813	2
2814	0
2815	1
2816	1
2817	1
2818	1
2819	1
2820	0
2821	1
2822	3
2823	1
2824	0
2825	0
2826	1
2827	0
2828	2
2829	2
2830	1
2831	0
2832	0
2833	3
2834	0
2835	0
2836	1
2837	0
2838	1
2839	0
2840	1
2841	1
2842	1
2843	0
2844	1
2845	0
2846	0
2847	0
2848	2
2849	1
2850	1
2851	0
2852	1
2853	0
2854	0
2855	1
2856	0
2857	1
2858	0
2859	0
2860	0
2861	0
2862	0
2863	0
2864	0
2865	1
2866	0
2867	1
2868	1
2869	0
2870	0
2871	0
2872	0
2873	1
2874	2
2875	0
2876	1
2877	0
2878	0
2879	3
2880	2
2881	1
2882	0
2883	1
2884	1
2885	0
2886	1
2887	1
2888	0
2889	2
2890	2
2891	1
2892	1
2893	0
2894	1
2895	0
2896	2
2897	1
2898	0
2899	1
2900	3
2901	1
2902	1
2903	0
2904	1
2905	0
2906	0
2907	0
2908	0
2909	0
2910	1
2911	1
2912	1
2913	1
2914	0
2915	2
2916	0
2917	0
2918	2
2919	0
2920	1
2921	0
2922	0
2923	0
2924	2
2925	0
2926	1
2927	1
2928	2
2929	0
2930	0
2931	1
2932	0
2933	2
2934	2
2935	0
2936	0
2937	1
2938	0
2939	0
2940	0
2941	0
2942	0
2943	0
2944	1
2945	1
2946	0
2947	1
2948	1
2949	1
2950	1
2951	2
2952	0
2953	1
2954	0
2955	0
2956	2
2957	0
2958	1
2959	0
2960	1
2961	1
2962	0
2963	1
2964	2
2965	1
2966	0
2967	0
2968	2
2969	1
2970	0
2971	1
2972	0
2973	0
2974	0
2975	0
2976	0
2977	1
2978	0
2979	1
2980	1
2981	0
2982	1
2983	0
2984	1
2985	0
2986	0
2987	0
2988	1
2989	0
2990	2
2991	1
2992	1
2993	1
2994	1
2995	1
2996	1
2997	0
2998	1
2999	1
3000	0
3001	0
3002	0
3003	0
3004	1
3005	0
3006	0
3007	2
3008	1
3009	1
3010	0
3011	2
3012	0
3013	0
3014	0
3015	0
3016	1
3017	1
3018	1
3019	0
3020	0
3021	1
3022	0
3023	2
3024	1
3025	0
3026	0
3027	0
3028	4
3029	0
3030	2
3031	1
3032	1
3033	1
3034	0
3035	1
3036	0
3037	0
3038	2
3039	0
3040	0
3041	1
3042	0
3043	0
3044	1
3045	2
3046	1
3047	0
3048	1
3049	1
3050	2
3051	1
3052	1
3053	0
3054	0
3055	1
3056	0
3057	0
3058	0
3059	0
3060	1
3061	0
3062	0
3063	4
3064	0
3065	0
3066	0
3067	3
3068	1
3069	1
3070	2
3071	0
3072	0
3073	0
3074	0
3075	0
3076	1
3077	1
3078	0
3079	0
3080	1
3081	1
3082	0
3083	0
3084	0
3085	0
3086	0
3087	0
3088	0
3089	1
3090	0
3091	1
3092	1
3093	0
3094	1
3095	0
3096	0
3097	3
3098	0
3099	0
3100	0
3101	2
3102	0
3103	0
3104	1
3105	0
3106	1
3107	1
3108	0
3109	1
3110	0
3111	0
3112	1
3113	1
3114	0
3115	0
3116	0
3117	1
3118	0
3119	0
3120	0
3121	1
3122	1
3123	0
3124	1
3125	0
3126	2
3127	1
3128	0
3129	0
3130	0
3131	1
3132	0
3133	1
3134	1
3135	0
3136	0
3137	1
3138	0
3139	0
3140	1
3141	0
3142	0
3143	0
3144	0
3145	1
3146	0
3147	3
3148	0
3149	0
3150	0
3151	0
3152	0
3153	0
3154	1
3155	0
3156	1
3157	1
3158	4
3159	0
3160	0
3161	0
3162	0
3163	0
3164	1
3165	2
3166	0
3167	1
3168	1
3169	0
3170	2
3171	0
3172	1
3173	2
3174	0
3175	0
3176	0
3177	1
3178	0
3179	0
3180	0
3181	2
3182	0
3183	0
3184	0
3185	1
3186	0
3187	0
3188	0
3189	0
3190	0
3191	0
3192	1
3193	0
3194	1
3195	0
3196	0
3197	0
3198	0
3199	1
3200	0
3201	0
3202	0
3203	1
3204	0
3205	0
3206	0
3207	1
3208	0
3209	0
3210	2
3211	0
3212	1
3213	2
3214	2
3215	0
3216	0
3217	0
3218	0
3219	0
3220	0
3221	0
3222	1
3223	0
3224	0
3225	0
3226	0
3227	1
3228	0
3229	0
3230	0
3231	0
3232	0
3233	0
3234	1
3235	1
3236	1
3237	0
3238	0
3239	1
3240	1
3241	0
3242	0
3243	1
3244	1
3245	1
3246	0
3247	1
3248	1
3249	0
3250	0
3251	0
3252	1
3253	0
3254	0
3255	0
3256	1
3257	1
3258	1
3259	1
3260	0
3261	0
3262	0
3263	0
3264	2
3265	0
3266	0
3267	0
3268	0
3269	0
3270	0
3271	0
3272	0
3273	0
3274	0
3275	0
3276	0
3277	0
3278	1
3279	0
3280	0
3281	0
3282	0
3283	1
3284	0
3285	0
3286	0
3287	0
3288	0
3289	0
3290	1
3291	0
3292	0
3293	0
3294	0
3295	1
3296	1
3297	0
3298	1
3299	0
3300	3
3301	0
3302	0
3303	0
3304	1
3305	1
3306	0
3307	0
3308	0
3309	0
3310	0
3311	1
3312	0
3313	1
3314	1
3315	0
3316	0
3317	0
3318	0
3319	0
3320	0
3321	1
3322	1
3323	0
3324	0
3325	0
3326	1
3327	0
3328	0
3329	0
3330	0
3331	1
3332	2
3333	0
3334	0
3335	1
3336	0
3337	0
3338	0
3339	0
3340	0
3341	2
3342	0
3343	1
3344	0
3345	0
3346	0
3347	0
3348	0
3349	1
3350	0
3351	0
3352	0
3353	0
3354	0
3355	0
3356	0
3357	1
3358	0
3359	0
3360	0
3361	1
3362	0
3363	0
3364	0
3365	2
3366	0
3367	0
3368	0
3369	2
3370	0
3371	0
3372	0
3373	0
3374	0
3375	0
3376	0
3377	0
3378	0
3379	0
3380	0
3381	0
3382	2
3383	1
3384	0
3385	0
3386	0
3387	0
3388	1
3389	0
3390	0
3391	0
3392	0
3393	0
3394	0
3395	0
3396	0
3397	0
3398	0
3399	0
3400	0
3401	1
3402	0
3403	0
3404	1
3405	0
3406	1
3407	0
3408	0
3409	1
3410	0
3411	0
3412	0
3413	0
3414	1
3415	0
3416	1
3417	1
3418	0
3419	4
3420	0
3421	0
3422	0
3423	0
3424	0
3425	1
3426	0
3427	2
3428	1
3429	0
3430	0
3431	0
3432	1
3433	0
3434	0
3435	0
3436	0
3437	0
3438	0
3439	0
3440	0
3441	0
3442	0
3443	0
3444	0
3445	1
3446	0
3447	0
3448	0
3449	0
3450	0
3451	0
3452	1
3453	1
3454	2
3455	0
3456	0
3457	1
3458	0
3459	0
3460	0
3461	0
3462	0
3463	0
3464	0
3465	0
3466	0
3467	1
3468	0
3469	0
3470	1
3471	0
3472	0
3473	0
3474	0
3475	0
3476	0
3477	0
3478	1
3479	0
3480	0
3481	0
3482	0
3483	0
3484	0
3485	1
3486	0
3487	0
3488	1
3489	0
3490	1
3491	0
3492	1
3493	0
3494	0
3495	0
3496	0
3497	0
3498	0
3499	0
3500	0
3501	1
3502	0
3503	1
3504	0
3505	0
3506	0
3507	0
3508	0
3509	1
3510	0
3511	1
3512	0
3513	0
3514	1
3515	0
3516	0
3517	0
3518	0
3519	0
3520	0
3521	0
3522	1
3523	1
3524	1
3525	0
3526	0
3527	0
3528	0
3529	0
3530	0
3531	2
3532	1
3533	0
3534	1
3535	2
3536	0
3537	2
3538	1
3539	0
3540	0
3541	0
3542	0
3543	0
3544	1
3545	0
3546	1
3547	0
3548	0
3549	0
3550	2
3551	1
3552	0
3553	0
3554	0
3555	0
3556	1
3557	0
3558	0
3559	0
3560	0
3561	0
3562	0
3563	0
3564	0
3565	0
3566	1
3567	1
3568	1
3569	0
3570	1
3571	0
3572	1
3573	0
3574	0
3575	0
3576	0
3577	0
3578	1
3579	0
3580	0
3581	0
3582	1
3583	0
3584	1
3585	0
3586	0
3587	1
3588	0
3589	0
3590	1
3591	0
3592	0
3593	0
3594	0
3595	1
3596	0
3597	1
3598	0
3599	0
3600	0
3601	0
3602	0
3603	0
3604	0
3605	0
3606	2
3607	0
3608	1
3609	1
3610	0
3611	0
3612	0
3613	2
3614	1
3615	0
3616	0
3617	0
3618	1
3619	0
3620	0
3621	1
3622	1
3623	1
3624	1
3625	3
3626	0
3627	0
3628	1
3629	1
3630	3
3631	0
3632	0
3633	1
3634	0
3635	0
3636	0
3637	0
3638	2
3639	2
3640	0
3641	2
3642	0
3643	0
3644	3
3645	0
3646	1
3647	0
3648	1
3649	0
3650	0
3651	1
3652	0
3653	1
3654	1
3655	0
3656	0
3657	1
3658	0
3659	0
3660	0
3661	1
3662	1
3663	0
3664	0
3665	1
3666	0
3667	1
3668	1
3669	0
3670	1
3671	0
3672	0
3673	0
3674	0
3675	1
3676	0
3677	0
3678	1
3679	0
3680	0
3681	2
3682	1
3683	0
3684	2
3685	1
3686	2
3687	0
3688	0
3689	0
3690	1
3691	2
3692	2
3693	0
3694	1
3695	2
3696	0
3697	1
3698	1
3699	0
3700	3
3701	0
3702	2
3703	0
3704	1
3705	0
3706	1
3707	1
3708	1
3709	2
3710	1
3711	0
3712	1
3713	3
3714	0
3715	0
3716	1
3717	1
3718	1
3719	1
3720	0
3721	2
3722	0
3723	2
3724	0
3725	0
3726	0
3727	2
3728	0
3729	1
3730	1
3731	2
3732	3
3733	0
3734	4
3735	0
3736	0
3737	2
3738	1
3739	1
3740	2
3741	2
3742	0
3743	0
3744	1
3745	1
3746	1
3747	0
3748	0
3749	0
3750	3
3751	3
3752	1
3753	1
3754	1
3755	0
3756	1
3757	2
3758	1
3759	0
3760	3
3761	2
3762	0
3763	1
3764	1
3765	0
3766	0
3767	4
3768	2
3769	1
3770	1
3771	1
3772	0
3773	1
3774	0
3775	0
3776	1
3777	0
3778	0
3779	0
3780	0
3781	0
3782	2
3783	0
3784	1
3785	2
3786	0
3787	2
3788	0
3789	1
3790	0
3791	0
3792	1
3793	0
3794	1
3795	1
3796	2
3797	0
3798	1
3799	1
3800	1
3801	1
3802	1
3803	1
3804	1
3805	1
3806	0
3807	1
3808	0
3809	0
3810	1
3811	0
3812	0
3813	1
3814	1
3815	0
3816	0
3817	0
3818	1
3819	0
3820	0
3821	0
3822	0
3823	1
3824	0
3825	1
3826	1
3827	3
3828	0
3829	0
3830	0
3831	0
3832	0
3833	0
3834	0
3835	0
3836	0
3837	0
3838	0
3839	0
3840	0
3841	0
3842	0
3843	1
3844	1
3845	0
3846	0
3847	0
3848	0
3849	0
3850	0
3851	1
3852	0
3853	0
3854	0
3855	0
3856	0
3857	0
3858	0
3859	0
3860	0
3861	1
3862	0
3863	0
3864	1
3865	0
3866	0
3867	3
3868	0
3869	1
3870	0
3871	1
3872	0
3873	0
3874	0
3875	0
3876	0
3877	0
3878	0
3879	0
3880	1
3881	0
3882	0
3883	0
3884	1
3885	1
3886	0
3887	0
3888	0
3889	1
3890	0
3891	1
3892	1
3893	0
3894	0
3895	0
3896	0
3897	1
3898	1
3899	0
3900	0
3901	0
3902	1
3903	1
3904	0
3905	0
3906	1
3907	0
3908	0
3909	0
3910	0
3911	0
3912	0
3913	0
3914	0
3915	0
3916	1
3917	0
3918	1
3919	0
3920	0
3921	0
3922	0
3923	0
3924	0
3925	0
3926	1
3927	0
3928	0
3929	0
3930	0
3931	0
3932	0
3933	0
3934	0
3935	0
3936	1
3937	0
3938	0
3939	0
3940	1
3941	0
3942	1
3943	0
3944	0
3945	0
3946	0
3947	0
3948	0
3949	0
3950	1
3951	0
3952	0
3953	0
3954	0
3955	1
3956	1
3957	0
3958	0
3959	0
3960	0
3961	1
3962	0
3963	0
3964	1
3965	0
3966	1
3967	0
3968	0
3969	0
3970	0
3971	1
3972	0
3973	0
3974	1
3975	1
3976	0
3977	0
3978	0
3979	0
3980	0
3981	0
3982	0
3983	0
3984	0
3985	0
3986	0
3987	0
3988	0
3989	0
3990	2
3991	0
3992	0
3993	0
3994	1
3995	0
3996	1
3997	0
3998	0
3999	0
4000	0
