Channel number	Impulses
Channel/#	Impulses/#

0	0
1	0
2	0
3	0
4	0
5	0
6	0
7	0
8	0
9	0
10	0
11	0
12	0
13	0
14	0
15	0
16	0
17	0
18	0
19	0
20	0
21	0
22	0
23	0
24	0
25	0
26	0
27	0
28	0
29	0
30	0
31	0
32	0
33	0
34	0
35	0
36	0
37	0
38	0
39	0
40	0
41	0
42	0
43	0
44	0
45	0
46	0
47	0
48	0
49	0
50	0
51	0
52	0
53	1
54	1
55	1
56	1
57	0
58	0
59	0
60	2
61	3
62	13
63	17
64	13
65	16
66	16
67	25
68	16
69	24
70	24
71	16
72	27
73	25
74	19
75	22
76	17
77	35
78	25
79	29
80	12
81	18
82	23
83	29
84	26
85	24
86	27
87	31
88	23
89	40
90	39
91	28
92	36
93	36
94	22
95	42
96	32
97	41
98	34
99	37
100	41
101	33
102	48
103	45
104	34
105	56
106	55
107	55
108	49
109	39
110	44
111	52
112	42
113	67
114	55
115	63
116	62
117	34
118	49
119	51
120	41
121	40
122	35
123	52
124	45
125	31
126	44
127	62
128	39
129	37
130	53
131	35
132	34
133	40
134	54
135	33
136	33
137	42
138	37
139	47
140	41
141	36
142	42
143	42
144	37
145	40
146	39
147	33
148	41
149	32
150	32
151	31
152	23
153	37
154	34
155	44
156	36
157	29
158	27
159	43
160	28
161	35
162	43
163	32
164	38
165	31
166	33
167	44
168	35
169	37
170	48
171	30
172	32
173	53
174	29
175	29
176	35
177	36
178	43
179	36
180	38
181	29
182	33
183	29
184	33
185	25
186	24
187	46
188	38
189	34
190	29
191	36
192	27
193	35
194	28
195	44
196	32
197	29
198	39
199	38
200	29
201	41
202	31
203	38
204	32
205	33
206	32
207	39
208	31
209	31
210	32
211	30
212	30
213	30
214	39
215	34
216	25
217	33
218	26
219	33
220	25
221	35
222	29
223	42
224	29
225	40
226	32
227	24
228	41
229	26
230	36
231	37
232	31
233	34
234	26
235	37
236	39
237	43
238	34
239	29
240	28
241	25
242	25
243	34
244	31
245	31
246	37
247	28
248	30
249	34
250	27
251	29
252	29
253	24
254	28
255	51
256	11
257	27
258	33
259	32
260	33
261	22
262	22
263	22
264	29
265	29
266	22
267	32
268	22
269	18
270	17
271	26
272	20
273	19
274	29
275	23
276	23
277	34
278	16
279	29
280	26
281	29
282	23
283	30
284	16
285	22
286	28
287	27
288	13
289	19
290	16
291	29
292	32
293	18
294	24
295	24
296	23
297	26
298	20
299	23
300	27
301	13
302	28
303	30
304	19
305	22
306	17
307	17
308	23
309	19
310	24
311	23
312	20
313	17
314	26
315	17
316	33
317	23
318	17
319	24
320	14
321	19
322	27
323	21
324	23
325	21
326	11
327	21
328	17
329	19
330	22
331	18
332	22
333	26
334	17
335	27
336	16
337	21
338	17
339	20
340	20
341	16
342	14
343	10
344	16
345	22
346	15
347	23
348	15
349	16
350	20
351	18
352	14
353	17
354	18
355	19
356	19
357	16
358	27
359	17
360	26
361	21
362	13
363	16
364	23
365	18
366	14
367	18
368	11
369	19
370	17
371	12
372	19
373	10
374	16
375	17
376	9
377	11
378	19
379	22
380	17
381	13
382	21
383	18
384	16
385	13
386	18
387	16
388	13
389	17
390	19
391	21
392	14
393	20
394	19
395	13
396	22
397	15
398	18
399	12
400	7
401	21
402	13
403	22
404	23
405	9
406	13
407	14
408	16
409	13
410	16
411	15
412	10
413	15
414	11
415	16
416	11
417	17
418	22
419	23
420	18
421	11
422	17
423	12
424	8
425	12
426	15
427	10
428	20
429	12
430	20
431	14
432	17
433	18
434	17
435	17
436	16
437	22
438	11
439	15
440	13
441	14
442	9
443	12
444	11
445	14
446	13
447	23
448	10
449	9
450	11
451	13
452	9
453	6
454	13
455	9
456	11
457	9
458	7
459	18
460	8
461	10
462	16
463	6
464	6
465	8
466	10
467	12
468	12
469	12
470	14
471	12
472	10
473	13
474	11
475	17
476	8
477	4
478	13
479	16
480	13
481	15
482	20
483	8
484	16
485	8
486	10
487	8
488	8
489	9
490	12
491	8
492	6
493	8
494	12
495	7
496	8
497	11
498	12
499	11
500	2
501	19
502	10
503	11
504	6
505	8
506	10
507	13
508	6
509	9
510	17
511	14
512	8
513	9
514	8
515	4
516	11
517	4
518	6
519	9
520	14
521	12
522	9
523	11
524	8
525	6
526	8
527	13
528	7
529	10
530	11
531	3
532	8
533	13
534	8
535	6
536	9
537	7
538	10
539	12
540	5
541	7
542	4
543	11
544	7
545	16
546	10
547	7
548	7
549	8
550	6
551	6
552	6
553	9
554	12
555	8
556	8
557	4
558	5
559	10
560	6
561	10
562	7
563	4
564	8
565	8
566	6
567	8
568	8
569	5
570	4
571	5
572	9
573	14
574	13
575	3
576	5
577	4
578	10
579	5
580	14
581	7
582	7
583	6
584	7
585	10
586	9
587	5
588	7
589	14
590	10
591	6
592	3
593	5
594	3
595	9
596	3
597	8
598	2
599	9
600	5
601	6
602	5
603	8
604	9
605	7
606	6
607	9
608	5
609	4
610	8
611	4
612	7
613	8
614	7
615	5
616	3
617	6
618	11
619	8
620	7
621	9
622	6
623	9
624	7
625	4
626	6
627	7
628	12
629	5
630	13
631	4
632	11
633	8
634	6
635	10
636	4
637	8
638	6
639	5
640	2
641	3
642	6
643	7
644	11
645	6
646	4
647	6
648	5
649	9
650	8
651	5
652	4
653	10
654	5
655	5
656	3
657	6
658	5
659	4
660	3
661	4
662	5
663	2
664	4
665	8
666	5
667	10
668	5
669	4
670	9
671	8
672	4
673	7
674	2
675	9
676	4
677	4
678	1
679	3
680	3
681	10
682	9
683	4
684	2
685	5
686	4
687	0
688	4
689	4
690	4
691	4
692	4
693	5
694	6
695	4
696	5
697	9
698	5
699	6
700	7
701	2
702	2
703	0
704	4
705	2
706	2
707	4
708	4
709	6
710	6
711	2
712	3
713	0
714	10
715	2
716	8
717	5
718	3
719	3
720	5
721	7
722	2
723	5
724	6
725	2
726	3
727	3
728	3
729	8
730	4
731	9
732	2
733	4
734	2
735	2
736	1
737	5
738	2
739	1
740	5
741	1
742	10
743	6
744	1
745	7
746	3
747	5
748	1
749	6
750	5
751	7
752	4
753	5
754	6
755	4
756	2
757	1
758	5
759	3
760	3
761	8
762	1
763	4
764	6
765	2
766	3
767	6
768	2
769	2
770	3
771	3
772	3
773	4
774	6
775	2
776	3
777	2
778	1
779	4
780	5
781	9
782	7
783	3
784	0
785	4
786	3
787	3
788	6
789	4
790	4
791	3
792	6
793	7
794	4
795	3
796	2
797	3
798	2
799	6
800	6
801	3
802	3
803	5
804	6
805	6
806	3
807	6
808	4
809	4
810	10
811	2
812	8
813	3
814	8
815	4
816	3
817	2
818	1
819	3
820	2
821	3
822	7
823	5
824	5
825	5
826	3
827	1
828	6
829	4
830	4
831	8
832	1
833	2
834	9
835	5
836	9
837	3
838	3
839	3
840	2
841	1
842	4
843	1
844	3
845	4
846	7
847	3
848	1
849	4
850	4
851	1
852	2
853	6
854	1
855	3
856	7
857	4
858	4
859	6
860	1
861	3
862	3
863	4
864	4
865	5
866	4
867	2
868	6
869	1
870	4
871	3
872	4
873	6
874	6
875	0
876	9
877	5
878	0
879	2
880	5
881	3
882	5
883	3
884	4
885	2
886	5
887	3
888	3
889	2
890	3
891	3
892	10
893	2
894	6
895	8
896	5
897	1
898	5
899	3
900	1
901	2
902	5
903	2
904	5
905	3
906	3
907	2
908	4
909	8
910	5
911	5
912	7
913	4
914	3
915	6
916	1
917	1
918	5
919	3
920	5
921	3
922	3
923	4
924	4
925	3
926	6
927	3
928	5
929	1
930	1
931	6
932	4
933	1
934	4
935	2
936	6
937	3
938	4
939	5
940	3
941	1
942	2
943	4
944	7
945	3
946	4
947	7
948	0
949	2
950	7
951	3
952	3
953	7
954	6
955	5
956	4
957	10
958	6
959	1
960	1
961	0
962	2
963	4
964	5
965	6
966	4
967	2
968	3
969	3
970	3
971	3
972	6
973	3
974	1
975	4
976	2
977	2
978	3
979	6
980	1
981	4
982	4
983	3
984	2
985	0
986	2
987	4
988	3
989	4
990	1
991	0
992	3
993	4
994	2
995	6
996	2
997	4
998	1
999	1
1000	3
1001	4
1002	1
1003	1
1004	1
1005	3
1006	1
1007	1
1008	0
1009	2
1010	6
1011	4
1012	2
1013	4
1014	6
1015	2
1016	5
1017	1
1018	4
1019	2
1020	0
1021	3
1022	2
1023	3
1024	1
1025	1
1026	5
1027	2
1028	1
1029	0
1030	3
1031	3
1032	2
1033	2
1034	5
1035	5
1036	1
1037	3
1038	4
1039	2
1040	2
1041	5
1042	5
1043	2
1044	3
1045	2
1046	6
1047	2
1048	1
1049	3
1050	2
1051	2
1052	3
1053	2
1054	5
1055	5
1056	1
1057	1
1058	1
1059	2
1060	6
1061	3
1062	3
1063	5
1064	1
1065	4
1066	5
1067	1
1068	5
1069	6
1070	2
1071	3
1072	5
1073	5
1074	2
1075	4
1076	1
1077	0
1078	3
1079	3
1080	3
1081	2
1082	4
1083	3
1084	1
1085	3
1086	1
1087	3
1088	4
1089	7
1090	4
1091	2
1092	4
1093	3
1094	2
1095	4
1096	4
1097	4
1098	4
1099	3
1100	2
1101	3
1102	3
1103	3
1104	3
1105	2
1106	7
1107	3
1108	1
1109	1
1110	5
1111	3
1112	0
1113	2
1114	7
1115	3
1116	5
1117	3
1118	4
1119	4
1120	2
1121	1
1122	6
1123	2
1124	3
1125	1
1126	3
1127	3
1128	1
1129	1
1130	2
1131	4
1132	7
1133	4
1134	2
1135	2
1136	3
1137	3
1138	2
1139	4
1140	1
1141	2
1142	3
1143	2
1144	0
1145	3
1146	1
1147	2
1148	4
1149	2
1150	2
1151	3
1152	3
1153	1
1154	2
1155	6
1156	1
1157	3
1158	7
1159	1
1160	0
1161	0
1162	2
1163	3
1164	5
1165	3
1166	5
1167	3
1168	4
1169	6
1170	0
1171	2
1172	1
1173	1
1174	1
1175	2
1176	3
1177	4
1178	4
1179	3
1180	0
1181	1
1182	4
1183	2
1184	0
1185	2
1186	4
1187	2
1188	3
1189	2
1190	1
1191	2
1192	0
1193	0
1194	3
1195	3
1196	3
1197	2
1198	1
1199	4
1200	1
1201	1
1202	2
1203	1
1204	1
1205	2
1206	8
1207	0
1208	6
1209	0
1210	2
1211	0
1212	2
1213	3
1214	2
1215	2
1216	1
1217	0
1218	1
1219	0
1220	2
1221	3
1222	2
1223	1
1224	4
1225	1
1226	1
1227	5
1228	0
1229	2
1230	2
1231	3
1232	2
1233	1
1234	2
1235	2
1236	1
1237	3
1238	1
1239	1
1240	1
1241	4
1242	2
1243	3
1244	1
1245	4
1246	1
1247	3
1248	0
1249	1
1250	1
1251	3
1252	1
1253	2
1254	1
1255	3
1256	1
1257	3
1258	1
1259	2
1260	4
1261	1
1262	1
1263	3
1264	2
1265	0
1266	2
1267	2
1268	1
1269	3
1270	1
1271	3
1272	1
1273	0
1274	4
1275	2
1276	2
1277	0
1278	1
1279	1
1280	2
1281	2
1282	1
1283	0
1284	3
1285	0
1286	1
1287	0
1288	1
1289	0
1290	2
1291	1
1292	6
1293	3
1294	0
1295	3
1296	2
1297	0
1298	1
1299	0
1300	0
1301	3
1302	3
1303	1
1304	1
1305	0
1306	0
1307	1
1308	4
1309	4
1310	2
1311	1
1312	3
1313	0
1314	3
1315	3
1316	4
1317	4
1318	3
1319	2
1320	2
1321	1
1322	3
1323	0
1324	1
1325	0
1326	3
1327	0
1328	3
1329	0
1330	1
1331	2
1332	1
1333	0
1334	2
1335	4
1336	1
1337	2
1338	1
1339	1
1340	3
1341	3
1342	0
1343	1
1344	0
1345	2
1346	2
1347	2
1348	2
1349	1
1350	2
1351	1
1352	5
1353	0
1354	5
1355	3
1356	0
1357	3
1358	3
1359	1
1360	0
1361	2
1362	0
1363	2
1364	2
1365	1
1366	2
1367	2
1368	1
1369	2
1370	1
1371	1
1372	1
1373	3
1374	4
1375	1
1376	2
1377	3
1378	2
1379	0
1380	1
1381	2
1382	1
1383	2
1384	1
1385	0
1386	5
1387	0
1388	2
1389	0
1390	1
1391	1
1392	3
1393	3
1394	1
1395	0
1396	0
1397	4
1398	3
1399	0
1400	3
1401	1
1402	2
1403	4
1404	1
1405	7
1406	4
1407	2
1408	0
1409	0
1410	0
1411	1
1412	1
1413	1
1414	2
1415	1
1416	0
1417	3
1418	3
1419	1
1420	0
1421	2
1422	2
1423	1
1424	0
1425	2
1426	1
1427	2
1428	1
1429	1
1430	5
1431	3
1432	2
1433	2
1434	1
1435	1
1436	1
1437	2
1438	1
1439	3
1440	3
1441	0
1442	1
1443	2
1444	0
1445	0
1446	1
1447	3
1448	1
1449	3
1450	1
1451	2
1452	0
1453	0
1454	0
1455	0
1456	4
1457	2
1458	0
1459	0
1460	2
1461	2
1462	3
1463	1
1464	0
1465	1
1466	1
1467	2
1468	1
1469	3
1470	0
1471	2
1472	1
1473	4
1474	1
1475	2
1476	1
1477	3
1478	1
1479	0
1480	0
1481	7
1482	1
1483	1
1484	2
1485	0
1486	1
1487	1
1488	1
1489	2
1490	1
1491	1
1492	1
1493	0
1494	2
1495	0
1496	3
1497	1
1498	4
1499	0
1500	1
1501	2
1502	0
1503	5
1504	4
1505	2
1506	2
1507	0
1508	2
1509	0
1510	2
1511	1
1512	1
1513	6
1514	1
1515	2
1516	2
1517	0
1518	2
1519	2
1520	0
1521	1
1522	3
1523	0
1524	1
1525	0
1526	1
1527	2
1528	2
1529	1
1530	1
1531	1
1532	1
1533	1
1534	1
1535	4
1536	1
1537	0
1538	0
1539	0
1540	2
1541	3
1542	1
1543	2
1544	0
1545	2
1546	2
1547	0
1548	2
1549	0
1550	2
1551	0
1552	2
1553	0
1554	0
1555	2
1556	1
1557	1
1558	0
1559	1
1560	2
1561	2
1562	3
1563	0
1564	1
1565	3
1566	0
1567	4
1568	3
1569	2
1570	1
1571	0
1572	1
1573	2
1574	0
1575	0
1576	2
1577	2
1578	0
1579	2
1580	1
1581	0
1582	3
1583	1
1584	0
1585	1
1586	3
1587	2
1588	2
1589	2
1590	1
1591	1
1592	2
1593	3
1594	0
1595	1
1596	1
1597	2
1598	0
1599	5
1600	3
1601	4
1602	4
1603	4
1604	0
1605	1
1606	1
1607	0
1608	1
1609	0
1610	1
1611	0
1612	1
1613	2
1614	2
1615	2
1616	2
1617	1
1618	3
1619	0
1620	1
1621	3
1622	0
1623	1
1624	1
1625	0
1626	1
1627	2
1628	1
1629	0
1630	0
1631	0
1632	1
1633	1
1634	0
1635	2
1636	2
1637	0
1638	3
1639	1
1640	0
1641	1
1642	4
1643	3
1644	1
1645	0
1646	3
1647	2
1648	1
1649	0
1650	3
1651	0
1652	3
1653	0
1654	2
1655	0
1656	0
1657	4
1658	2
1659	0
1660	0
1661	1
1662	0
1663	2
1664	0
1665	1
1666	1
1667	2
1668	5
1669	3
1670	1
1671	1
1672	4
1673	2
1674	1
1675	1
1676	1
1677	2
1678	4
1679	0
1680	4
1681	0
1682	3
1683	2
1684	1
1685	2
1686	0
1687	1
1688	0
1689	2
1690	2
1691	0
1692	1
1693	1
1694	1
1695	3
1696	1
1697	0
1698	0
1699	3
1700	5
1701	1
1702	0
1703	0
1704	1
1705	0
1706	1
1707	0
1708	0
1709	3
1710	2
1711	3
1712	2
1713	1
1714	1
1715	2
1716	4
1717	0
1718	0
1719	1
1720	2
1721	1
1722	1
1723	1
1724	0
1725	1
1726	2
1727	0
1728	2
1729	0
1730	2
1731	1
1732	0
1733	0
1734	1
1735	3
1736	0
1737	1
1738	1
1739	1
1740	1
1741	2
1742	1
1743	0
1744	0
1745	0
1746	1
1747	1
1748	2
1749	0
1750	0
1751	1
1752	1
1753	3
1754	1
1755	1
1756	3
1757	5
1758	2
1759	2
1760	0
1761	3
1762	3
1763	0
1764	1
1765	4
1766	2
1767	0
1768	0
1769	2
1770	2
1771	3
1772	3
1773	0
1774	1
1775	1
1776	1
1777	2
1778	2
1779	3
1780	0
1781	1
1782	1
1783	0
1784	1
1785	2
1786	0
1787	2
1788	1
1789	0
1790	1
1791	4
1792	1
1793	1
1794	3
1795	2
1796	2
1797	2
1798	1
1799	2
1800	0
1801	1
1802	0
1803	1
1804	1
1805	2
1806	1
1807	1
1808	0
1809	1
1810	2
1811	1
1812	0
1813	1
1814	0
1815	1
1816	1
1817	1
1818	0
1819	4
1820	1
1821	0
1822	2
1823	1
1824	0
1825	1
1826	2
1827	0
1828	1
1829	2
1830	1
1831	0
1832	3
1833	2
1834	0
1835	1
1836	4
1837	2
1838	3
1839	0
1840	1
1841	2
1842	1
1843	4
1844	4
1845	0
1846	3
1847	2
1848	2
1849	1
1850	2
1851	0
1852	0
1853	0
1854	2
1855	0
1856	0
1857	1
1858	2
1859	0
1860	2
1861	4
1862	1
1863	1
1864	2
1865	3
1866	3
1867	1
1868	1
1869	1
1870	0
1871	0
1872	0
1873	1
1874	0
1875	1
1876	1
1877	3
1878	0
1879	0
1880	0
1881	1
1882	0
1883	0
1884	0
1885	0
1886	0
1887	1
1888	0
1889	1
1890	1
1891	1
1892	0
1893	0
1894	1
1895	0
1896	1
1897	2
1898	0
1899	2
1900	2
1901	0
1902	2
1903	0
1904	1
1905	1
1906	0
1907	2
1908	1
1909	1
1910	2
1911	1
1912	1
1913	1
1914	1
1915	1
1916	0
1917	0
1918	1
1919	1
1920	1
1921	2
1922	0
1923	0
1924	1
1925	1
1926	2
1927	1
1928	0
1929	0
1930	0
1931	1
1932	1
1933	1
1934	0
1935	0
1936	1
1937	2
1938	2
1939	1
1940	2
1941	3
1942	1
1943	1
1944	0
1945	2
1946	0
1947	0
1948	3
1949	0
1950	1
1951	0
1952	2
1953	1
1954	1
1955	0
1956	1
1957	0
1958	2
1959	0
1960	1
1961	0
1962	2
1963	0
1964	0
1965	2
1966	2
1967	0
1968	2
1969	1
1970	2
1971	2
1972	2
1973	1
1974	2
1975	3
1976	2
1977	2
1978	0
1979	0
1980	1
1981	2
1982	1
1983	2
1984	1
1985	1
1986	1
1987	0
1988	3
1989	3
1990	1
1991	2
1992	2
1993	1
1994	1
1995	0
1996	0
1997	2
1998	0
1999	2
2000	2
2001	1
2002	3
2003	0
2004	1
2005	1
2006	2
2007	2
2008	0
2009	1
2010	0
2011	0
2012	1
2013	1
2014	2
2015	1
2016	1
2017	2
2018	1
2019	3
2020	0
2021	0
2022	1
2023	1
2024	2
2025	1
2026	0
2027	1
2028	1
2029	1
2030	0
2031	0
2032	0
2033	2
2034	0
2035	3
2036	2
2037	0
2038	1
2039	0
2040	0
2041	0
2042	0
2043	1
2044	0
2045	2
2046	4
2047	2
2048	0
2049	4
2050	0
2051	1
2052	1
2053	1
2054	2
2055	0
2056	1
2057	0
2058	0
2059	1
2060	1
2061	2
2062	1
2063	1
2064	1
2065	0
2066	2
2067	2
2068	1
2069	1
2070	6
2071	0
2072	0
2073	1
2074	1
2075	4
2076	0
2077	0
2078	0
2079	3
2080	0
2081	0
2082	1
2083	0
2084	2
2085	2
2086	3
2087	0
2088	2
2089	0
2090	1
2091	0
2092	1
2093	2
2094	1
2095	0
2096	1
2097	1
2098	2
2099	3
2100	0
2101	1
2102	2
2103	0
2104	3
2105	0
2106	0
2107	0
2108	1
2109	1
2110	0
2111	0
2112	2
2113	1
2114	2
2115	1
2116	0
2117	2
2118	0
2119	0
2120	0
2121	5
2122	0
2123	1
2124	0
2125	0
2126	0
2127	1
2128	1
2129	0
2130	0
2131	0
2132	1
2133	0
2134	1
2135	1
2136	0
2137	2
2138	0
2139	2
2140	1
2141	2
2142	0
2143	2
2144	1
2145	0
2146	1
2147	2
2148	2
2149	1
2150	2
2151	0
2152	1
2153	0
2154	3
2155	1
2156	0
2157	0
2158	0
2159	0
2160	0
2161	3
2162	0
2163	4
2164	0
2165	1
2166	0
2167	2
2168	0
2169	1
2170	1
2171	0
2172	2
2173	2
2174	1
2175	0
2176	0
2177	1
2178	2
2179	0
2180	0
2181	0
2182	0
2183	0
2184	0
2185	2
2186	1
2187	2
2188	0
2189	0
2190	1
2191	0
2192	1
2193	0
2194	0
2195	1
2196	2
2197	0
2198	1
2199	0
2200	0
2201	0
2202	0
2203	2
2204	1
2205	0
2206	1
2207	3
2208	1
2209	0
2210	0
2211	0
2212	1
2213	1
2214	2
2215	0
2216	0
2217	0
2218	2
2219	1
2220	1
2221	1
2222	0
2223	1
2224	1
2225	2
2226	6
2227	1
2228	1
2229	2
2230	1
2231	0
2232	0
2233	2
2234	1
2235	0
2236	1
2237	0
2238	1
2239	0
2240	1
2241	0
2242	0
2243	1
2244	1
2245	2
2246	1
2247	1
2248	1
2249	0
2250	0
2251	0
2252	1
2253	1
2254	0
2255	0
2256	2
2257	1
2258	0
2259	1
2260	1
2261	0
2262	0
2263	1
2264	0
2265	1
2266	0
2267	3
2268	0
2269	1
2270	0
2271	0
2272	0
2273	0
2274	2
2275	1
2276	1
2277	0
2278	0
2279	0
2280	0
2281	1
2282	2
2283	3
2284	1
2285	1
2286	1
2287	1
2288	1
2289	0
2290	0
2291	0
2292	1
2293	1
2294	0
2295	0
2296	0
2297	0
2298	0
2299	0
2300	0
2301	2
2302	1
2303	0
2304	1
2305	1
2306	0
2307	0
2308	0
2309	0
2310	0
2311	0
2312	0
2313	1
2314	0
2315	0
2316	0
2317	0
2318	0
2319	0
2320	1
2321	0
2322	2
2323	2
2324	0
2325	0
2326	1
2327	0
2328	1
2329	0
2330	0
2331	2
2332	0
2333	1
2334	0
2335	0
2336	0
2337	0
2338	0
2339	0
2340	1
2341	2
2342	0
2343	1
2344	1
2345	1
2346	0
2347	0
2348	3
2349	0
2350	0
2351	0
2352	0
2353	0
2354	0
2355	0
2356	1
2357	0
2358	0
2359	2
2360	0
2361	0
2362	0
2363	0
2364	0
2365	0
2366	0
2367	0
2368	0
2369	0
2370	0
2371	0
2372	0
2373	2
2374	0
2375	0
2376	1
2377	0
2378	0
2379	1
2380	1
2381	0
2382	1
2383	0
2384	0
2385	0
2386	0
2387	2
2388	0
2389	1
2390	1
2391	0
2392	1
2393	0
2394	0
2395	1
2396	0
2397	1
2398	0
2399	1
2400	0
2401	1
2402	1
2403	1
2404	0
2405	0
2406	1
2407	0
2408	0
2409	1
2410	0
2411	0
2412	0
2413	1
2414	0
2415	0
2416	0
2417	0
2418	1
2419	0
2420	1
2421	0
2422	2
2423	0
2424	0
2425	1
2426	0
2427	1
2428	0
2429	0
2430	0
2431	0
2432	0
2433	0
2434	1
2435	0
2436	0
2437	0
2438	0
2439	0
2440	0
2441	1
2442	0
2443	0
2444	0
2445	1
2446	0
2447	0
2448	2
2449	1
2450	1
2451	0
2452	0
2453	0
2454	0
2455	0
2456	0
2457	1
2458	0
2459	1
2460	1
2461	0
2462	1
2463	0
2464	2
2465	1
2466	0
2467	0
2468	0
2469	0
2470	1
2471	2
2472	0
2473	1
2474	0
2475	0
2476	1
2477	0
2478	0
2479	0
2480	1
2481	1
2482	1
2483	0
2484	0
2485	0
2486	0
2487	0
2488	0
2489	1
2490	0
2491	0
2492	0
2493	0
2494	1
2495	0
2496	1
2497	1
2498	1
2499	1
2500	0
2501	0
2502	0
2503	1
2504	1
2505	1
2506	0
2507	1
2508	1
2509	0
2510	0
2511	0
2512	0
2513	1
2514	0
2515	2
2516	2
2517	0
2518	0
2519	0
2520	0
2521	0
2522	0
2523	0
2524	0
2525	0
2526	0
2527	1
2528	1
2529	1
2530	0
2531	1
2532	2
2533	0
2534	1
2535	0
2536	1
2537	0
2538	0
2539	1
2540	2
2541	1
2542	3
2543	0
2544	1
2545	0
2546	0
2547	3
2548	0
2549	2
2550	0
2551	1
2552	0
2553	2
2554	0
2555	0
2556	1
2557	1
2558	1
2559	1
2560	2
2561	2
2562	1
2563	0
2564	2
2565	0
2566	0
2567	2
2568	1
2569	1
2570	1
2571	2
2572	1
2573	3
2574	0
2575	1
2576	1
2577	2
2578	0
2579	1
2580	2
2581	4
2582	1
2583	1
2584	0
2585	0
2586	0
2587	1
2588	1
2589	2
2590	2
2591	2
2592	0
2593	0
2594	2
2595	1
2596	2
2597	0
2598	1
2599	0
2600	0
2601	3
2602	1
2603	1
2604	4
2605	3
2606	1
2607	1
2608	0
2609	0
2610	3
2611	1
2612	3
2613	1
2614	1
2615	0
2616	2
2617	3
2618	1
2619	1
2620	3
2621	0
2622	0
2623	1
2624	0
2625	3
2626	2
2627	1
2628	2
2629	1
2630	0
2631	4
2632	2
2633	3
2634	3
2635	0
2636	0
2637	3
2638	1
2639	1
2640	0
2641	1
2642	1
2643	2
2644	2
2645	3
2646	1
2647	0
2648	3
2649	2
2650	0
2651	1
2652	0
2653	3
2654	3
2655	1
2656	6
2657	0
2658	0
2659	2
2660	1
2661	0
2662	1
2663	0
2664	1
2665	1
2666	0
2667	1
2668	3
2669	1
2670	1
2671	1
2672	1
2673	2
2674	0
2675	1
2676	1
2677	2
2678	1
2679	0
2680	0
2681	1
2682	0
2683	1
2684	0
2685	1
2686	2
2687	0
2688	0
2689	0
2690	0
2691	0
2692	0
2693	0
2694	1
2695	0
2696	1
2697	2
2698	0
2699	0
2700	1
2701	0
2702	2
2703	1
2704	0
2705	2
2706	1
2707	0
2708	1
2709	1
2710	0
2711	2
2712	0
2713	0
2714	0
2715	1
2716	0
2717	0
2718	0
2719	1
2720	1
2721	0
2722	0
2723	0
2724	2
2725	0
2726	0
2727	1
2728	0
2729	2
2730	1
2731	0
2732	0
2733	0
2734	0
2735	0
2736	0
2737	0
2738	0
2739	0
2740	0
2741	1
2742	1
2743	0
2744	1
2745	1
2746	0
2747	0
2748	0
2749	0
2750	0
2751	0
2752	1
2753	0
2754	0
2755	0
2756	1
2757	0
2758	0
2759	0
2760	0
2761	1
2762	0
2763	0
2764	1
2765	0
2766	0
2767	0
2768	1
2769	0
2770	0
2771	0
2772	0
2773	0
2774	0
2775	0
2776	0
2777	1
2778	0
2779	0
2780	0
2781	0
2782	0
2783	0
2784	0
2785	0
2786	0
2787	1
2788	0
2789	0
2790	0
2791	0
2792	0
2793	2
2794	0
2795	1
2796	0
2797	0
2798	1
2799	0
2800	0
2801	0
2802	1
2803	0
2804	0
2805	1
2806	0
2807	1
2808	0
2809	0
2810	0
2811	0
2812	0
2813	0
2814	0
2815	0
2816	0
2817	0
2818	0
2819	0
2820	0
2821	0
2822	0
2823	0
2824	1
2825	0
2826	0
2827	0
2828	0
2829	0
2830	0
2831	0
2832	0
2833	0
2834	0
2835	0
2836	0
2837	0
2838	0
2839	0
2840	1
2841	0
2842	0
2843	0
2844	0
2845	0
2846	0
2847	0
2848	0
2849	0
2850	0
2851	0
2852	1
2853	1
2854	0
2855	1
2856	0
2857	0
2858	0
2859	0
2860	1
2861	0
2862	1
2863	1
2864	0
2865	0
2866	0
2867	0
2868	0
2869	1
2870	0
2871	0
2872	0
2873	0
2874	0
2875	0
2876	1
2877	0
2878	0
2879	0
2880	0
2881	0
2882	0
2883	1
2884	0
2885	0
2886	0
2887	0
2888	0
2889	0
2890	0
2891	1
2892	0
2893	0
2894	1
2895	0
2896	0
2897	0
2898	0
2899	1
2900	0
2901	0
2902	0
2903	0
2904	0
2905	0
2906	0
2907	0
2908	1
2909	0
2910	0
2911	0
2912	0
2913	0
2914	0
2915	0
2916	0
2917	0
2918	0
2919	0
2920	0
2921	0
2922	0
2923	0
2924	0
2925	0
2926	1
2927	0
2928	0
2929	0
2930	0
2931	0
2932	0
2933	0
2934	0
2935	0
2936	1
2937	0
2938	1
2939	0
2940	0
2941	0
2942	0
2943	0
2944	0
2945	0
2946	1
2947	0
2948	0
2949	0
2950	0
2951	0
2952	0
2953	0
2954	0
2955	0
2956	0
2957	0
2958	1
2959	0
2960	0
2961	0
2962	0
2963	0
2964	0
2965	0
2966	0
2967	0
2968	0
2969	0
2970	1
2971	0
2972	0
2973	0
2974	0
2975	0
2976	0
2977	1
2978	0
2979	1
2980	1
2981	0
2982	0
2983	0
2984	0
2985	0
2986	1
2987	0
2988	0
2989	1
2990	0
2991	0
2992	0
2993	0
2994	0
2995	0
2996	0
2997	1
2998	0
2999	1
3000	1
3001	1
3002	0
3003	0
3004	0
3005	0
3006	0
3007	0
3008	0
3009	0
3010	1
3011	0
3012	0
3013	0
3014	2
3015	1
3016	2
3017	0
3018	0
3019	0
3020	0
3021	0
3022	0
3023	0
3024	3
3025	1
3026	0
3027	0
3028	0
3029	0
3030	0
3031	0
3032	0
3033	0
3034	0
3035	0
3036	0
3037	0
3038	0
3039	0
3040	0
3041	0
3042	0
3043	0
3044	1
3045	0
3046	1
3047	0
3048	0
3049	0
3050	0
3051	0
3052	0
3053	0
3054	0
3055	0
3056	0
3057	1
3058	0
3059	0
3060	2
3061	0
3062	0
3063	0
3064	0
3065	0
3066	0
3067	1
3068	0
3069	0
3070	0
3071	0
3072	1
3073	0
3074	1
3075	0
3076	0
3077	0
3078	1
3079	0
3080	0
3081	0
3082	0
3083	0
3084	0
3085	1
3086	0
3087	0
3088	0
3089	1
3090	1
3091	0
3092	1
3093	1
3094	0
3095	0
3096	1
3097	1
3098	0
3099	0
3100	0
3101	2
3102	0
3103	0
3104	0
3105	0
3106	0
3107	0
3108	0
3109	1
3110	0
3111	0
3112	0
3113	0
3114	0
3115	0
3116	0
3117	0
3118	0
3119	0
3120	1
3121	0
3122	0
3123	0
3124	0
3125	0
3126	1
3127	0
3128	1
3129	0
3130	0
3131	0
3132	0
3133	0
3134	0
3135	0
3136	0
3137	0
3138	0
3139	0
3140	0
3141	2
3142	0
3143	1
3144	0
3145	0
3146	0
3147	2
3148	0
3149	1
3150	0
3151	0
3152	0
3153	0
3154	0
3155	2
3156	1
3157	0
3158	0
3159	0
3160	0
3161	0
3162	0
3163	0
3164	0
3165	0
3166	1
3167	0
3168	0
3169	0
3170	0
3171	0
3172	0
3173	0
3174	0
3175	0
3176	0
3177	0
3178	0
3179	0
3180	0
3181	1
3182	0
3183	0
3184	0
3185	0
3186	0
3187	0
3188	1
3189	0
3190	0
3191	0
3192	0
3193	0
3194	0
3195	0
3196	0
3197	0
3198	0
3199	0
3200	0
3201	1
3202	0
3203	0
3204	0
3205	1
3206	0
3207	0
3208	0
3209	0
3210	0
3211	0
3212	0
3213	0
3214	0
3215	0
3216	3
3217	0
3218	0
3219	0
3220	0
3221	0
3222	0
3223	0
3224	1
3225	1
3226	0
3227	0
3228	0
3229	0
3230	1
3231	0
3232	0
3233	0
3234	0
3235	1
3236	0
3237	0
3238	0
3239	0
3240	0
3241	2
3242	0
3243	0
3244	1
3245	0
3246	0
3247	0
3248	1
3249	0
3250	2
3251	0
3252	0
3253	1
3254	0
3255	1
3256	0
3257	0
3258	1
3259	0
3260	0
3261	1
3262	0
3263	0
3264	0
3265	0
3266	0
3267	0
3268	0
3269	1
3270	0
3271	0
3272	0
3273	0
3274	0
3275	0
3276	0
3277	0
3278	1
3279	0
3280	0
3281	0
3282	0
3283	0
3284	0
3285	0
3286	2
3287	0
3288	0
3289	0
3290	0
3291	0
3292	1
3293	0
3294	0
3295	1
3296	0
3297	1
3298	0
3299	0
3300	0
3301	1
3302	0
3303	0
3304	0
3305	0
3306	0
3307	0
3308	0
3309	0
3310	1
3311	0
3312	1
3313	0
3314	1
3315	0
3316	0
3317	0
3318	0
3319	0
3320	0
3321	0
3322	0
3323	0
3324	0
3325	0
3326	0
3327	0
3328	0
3329	0
3330	0
3331	1
3332	0
3333	0
3334	1
3335	0
3336	0
3337	0
3338	0
3339	0
3340	0
3341	0
3342	0
3343	0
3344	0
3345	1
3346	0
3347	0
3348	0
3349	0
3350	0
3351	0
3352	0
3353	0
3354	0
3355	0
3356	0
3357	0
3358	0
3359	0
3360	0
3361	0
3362	0
3363	1
3364	0
3365	0
3366	0
3367	0
3368	1
3369	0
3370	0
3371	0
3372	0
3373	0
3374	1
3375	0
3376	0
3377	0
3378	0
3379	0
3380	0
3381	0
3382	0
3383	0
3384	0
3385	0
3386	1
3387	0
3388	0
3389	0
3390	0
3391	0
3392	0
3393	0
3394	0
3395	1
3396	0
3397	0
3398	1
3399	0
3400	0
3401	0
3402	0
3403	0
3404	1
3405	0
3406	0
3407	0
3408	0
3409	0
3410	0
3411	0
3412	0
3413	0
3414	0
3415	0
3416	0
3417	0
3418	0
3419	0
3420	0
3421	1
3422	0
3423	0
3424	0
3425	0
3426	0
3427	0
3428	0
3429	0
3430	0
3431	0
3432	0
3433	0
3434	0
3435	0
3436	0
3437	0
3438	0
3439	0
3440	0
3441	0
3442	0
3443	0
3444	0
3445	0
3446	0
3447	0
3448	0
3449	0
3450	0
3451	0
3452	0
3453	0
3454	0
3455	0
3456	1
3457	0
3458	1
3459	0
3460	0
3461	2
3462	0
3463	0
3464	0
3465	0
3466	0
3467	0
3468	0
3469	0
3470	1
3471	0
3472	0
3473	0
3474	0
3475	1
3476	0
3477	1
3478	0
3479	0
3480	0
3481	1
3482	1
3483	2
3484	0
3485	1
3486	0
3487	0
3488	1
3489	0
3490	0
3491	0
3492	0
3493	0
3494	1
3495	0
3496	0
3497	1
3498	0
3499	0
3500	1
3501	0
3502	0
3503	0
3504	0
3505	0
3506	0
3507	0
3508	0
3509	0
3510	0
3511	0
3512	0
3513	0
3514	0
3515	0
3516	0
3517	0
3518	0
3519	0
3520	0
3521	0
3522	0
3523	0
3524	0
3525	0
3526	0
3527	0
3528	0
3529	0
3530	0
3531	0
3532	0
3533	0
3534	0
3535	0
3536	0
3537	0
3538	0
3539	0
3540	1
3541	0
3542	0
3543	0
3544	0
3545	0
3546	0
3547	0
3548	0
3549	0
3550	0
3551	0
3552	0
3553	0
3554	0
3555	0
3556	0
3557	0
3558	0
3559	0
3560	0
3561	1
3562	0
3563	0
3564	0
3565	0
3566	0
3567	0
3568	0
3569	0
3570	0
3571	0
3572	0
3573	0
3574	0
3575	0
3576	0
3577	0
3578	0
3579	0
3580	0
3581	0
3582	1
3583	0
3584	1
3585	0
3586	0
3587	1
3588	0
3589	1
3590	0
3591	0
3592	0
3593	0
3594	0
3595	0
3596	0
3597	0
3598	0
3599	1
3600	1
3601	0
3602	0
3603	0
3604	0
3605	0
3606	0
3607	0
3608	0
3609	0
3610	0
3611	0
3612	0
3613	0
3614	0
3615	0
3616	0
3617	1
3618	0
3619	0
3620	0
3621	0
3622	0
3623	0
3624	0
3625	0
3626	0
3627	0
3628	0
3629	0
3630	0
3631	0
3632	1
3633	0
3634	0
3635	0
3636	0
3637	0
3638	0
3639	0
3640	0
3641	0
3642	0
3643	0
3644	0
3645	1
3646	0
3647	0
3648	1
3649	0
3650	0
3651	0
3652	0
3653	0
3654	1
3655	1
3656	0
3657	1
3658	0
3659	0
3660	0
3661	0
3662	0
3663	0
3664	0
3665	0
3666	0
3667	0
3668	0
3669	1
3670	0
3671	0
3672	0
3673	1
3674	0
3675	0
3676	0
3677	0
3678	0
3679	0
3680	0
3681	1
3682	0
3683	0
3684	0
3685	0
3686	1
3687	0
3688	0
3689	0
3690	1
3691	0
3692	0
3693	0
3694	0
3695	0
3696	0
3697	0
3698	0
3699	1
3700	0
3701	0
3702	0
3703	0
3704	1
3705	0
3706	0
3707	0
3708	0
3709	0
3710	0
3711	0
3712	1
3713	1
3714	0
3715	0
3716	0
3717	0
3718	0
3719	0
3720	0
3721	0
3722	2
3723	1
3724	1
3725	0
3726	1
3727	0
3728	1
3729	0
3730	0
3731	0
3732	0
3733	0
3734	1
3735	0
3736	1
3737	0
3738	0
3739	0
3740	0
3741	0
3742	1
3743	0
3744	0
3745	0
3746	0
3747	0
3748	0
3749	0
3750	0
3751	0
3752	0
3753	1
3754	0
3755	0
3756	0
3757	0
3758	0
3759	0
3760	1
3761	0
3762	0
3763	0
3764	1
3765	1
3766	1
3767	0
3768	0
3769	0
3770	0
3771	0
3772	0
3773	1
3774	0
3775	0
3776	0
3777	2
3778	0
3779	0
3780	0
3781	0
3782	0
3783	0
3784	1
3785	0
3786	0
3787	0
3788	1
3789	0
3790	0
3791	0
3792	0
3793	0
3794	0
3795	0
3796	0
3797	0
3798	0
3799	1
3800	0
3801	0
3802	0
3803	0
3804	0
3805	0
3806	2
3807	0
3808	0
3809	0
3810	1
3811	0
3812	1
3813	1
3814	0
3815	0
3816	0
3817	0
3818	0
3819	0
3820	0
3821	1
3822	0
3823	0
3824	0
3825	0
3826	0
3827	0
3828	0
3829	0
3830	0
3831	0
3832	0
3833	0
3834	0
3835	0
3836	0
3837	0
3838	0
3839	0
3840	0
3841	0
3842	0
3843	0
3844	0
3845	0
3846	0
3847	0
3848	0
3849	0
3850	0
3851	1
3852	0
3853	0
3854	0
3855	0
3856	0
3857	0
3858	0
3859	0
3860	0
3861	0
3862	0
3863	0
3864	0
3865	0
3866	0
3867	0
3868	0
3869	0
3870	1
3871	0
3872	0
3873	0
3874	0
3875	0
3876	0
3877	0
3878	0
3879	0
3880	0
3881	2
3882	0
3883	1
3884	0
3885	1
3886	0
3887	0
3888	0
3889	0
3890	0
3891	0
3892	0
3893	0
3894	0
3895	0
3896	0
3897	1
3898	0
3899	1
3900	0
3901	0
3902	0
3903	0
3904	0
3905	0
3906	0
3907	0
3908	0
3909	0
3910	0
3911	0
3912	0
3913	0
3914	0
3915	0
3916	0
3917	0
3918	0
3919	0
3920	0
3921	0
3922	0
3923	0
3924	0
3925	0
3926	0
3927	0
3928	0
3929	0
3930	0
3931	0
3932	0
3933	0
3934	0
3935	0
3936	1
3937	0
3938	0
3939	0
3940	0
3941	0
3942	0
3943	0
3944	0
3945	0
3946	0
3947	0
3948	0
3949	0
3950	0
3951	0
3952	1
3953	0
3954	0
3955	0
3956	0
3957	0
3958	0
3959	0
3960	0
3961	0
3962	0
3963	0
3964	0
3965	0
3966	0
3967	0
3968	0
3969	0
3970	1
3971	0
3972	0
3973	1
3974	0
3975	0
3976	0
3977	0
3978	0
3979	0
3980	0
3981	0
3982	0
3983	0
3984	0
3985	0
3986	0
3987	0
3988	1
3989	0
3990	0
3991	0
3992	0
3993	0
3994	0
3995	0
3996	0
3997	0
3998	1
3999	0
4000	0
