Channel number	Impulses
Channel/#	Impulses/#

0	0
1	0
2	0
3	0
4	0
5	0
6	0
7	0
8	0
9	0
10	0
11	0
12	0
13	0
14	0
15	0
16	0
17	0
18	0
19	0
20	0
21	0
22	0
23	0
24	0
25	0
26	0
27	0
28	0
29	0
30	0
31	0
32	0
33	0
34	0
35	0
36	0
37	0
38	0
39	0
40	0
41	0
42	0
43	0
44	0
45	0
46	0
47	0
48	0
49	0
50	0
51	0
52	1
53	1
54	1
55	2
56	0
57	1
58	0
59	2
60	1
61	1
62	15
63	19
64	9
65	18
66	17
67	17
68	14
69	21
70	26
71	23
72	17
73	29
74	25
75	23
76	28
77	20
78	29
79	20
80	20
81	23
82	31
83	28
84	24
85	23
86	20
87	28
88	27
89	30
90	28
91	32
92	25
93	25
94	26
95	44
96	32
97	38
98	38
99	41
100	36
101	38
102	40
103	47
104	34
105	60
106	34
107	47
108	57
109	44
110	48
111	59
112	35
113	44
114	53
115	47
116	51
117	54
118	36
119	47
120	41
121	55
122	39
123	31
124	48
125	32
126	43
127	47
128	27
129	42
130	30
131	32
132	58
133	45
134	52
135	41
136	34
137	38
138	37
139	35
140	37
141	59
142	35
143	48
144	33
145	32
146	37
147	49
148	32
149	34
150	42
151	38
152	27
153	41
154	36
155	38
156	23
157	28
158	27
159	51
160	31
161	43
162	33
163	35
164	36
165	29
166	44
167	39
168	34
169	52
170	39
171	44
172	39
173	35
174	28
175	37
176	34
177	40
178	25
179	37
180	29
181	31
182	37
183	41
184	34
185	38
186	37
187	38
188	31
189	33
190	24
191	46
192	20
193	35
194	31
195	31
196	40
197	31
198	37
199	26
200	41
201	34
202	26
203	46
204	45
205	31
206	30
207	27
208	27
209	35
210	27
211	30
212	39
213	29
214	39
215	37
216	21
217	34
218	34
219	34
220	39
221	27
222	36
223	39
224	24
225	34
226	31
227	41
228	35
229	29
230	31
231	33
232	27
233	37
234	31
235	33
236	29
237	29
238	33
239	40
240	22
241	30
242	27
243	28
244	36
245	33
246	24
247	38
248	20
249	26
250	28
251	42
252	23
253	27
254	39
255	45
256	14
257	25
258	24
259	27
260	30
261	21
262	31
263	21
264	21
265	35
266	33
267	26
268	34
269	19
270	23
271	25
272	23
273	28
274	25
275	41
276	18
277	20
278	28
279	24
280	25
281	26
282	11
283	28
284	22
285	39
286	19
287	24
288	19
289	26
290	18
291	24
292	23
293	25
294	26
295	31
296	17
297	23
298	13
299	17
300	19
301	25
302	22
303	20
304	17
305	22
306	28
307	24
308	24
309	21
310	16
311	21
312	15
313	13
314	20
315	18
316	24
317	22
318	22
319	18
320	14
321	21
322	24
323	22
324	21
325	19
326	18
327	24
328	13
329	24
330	22
331	19
332	20
333	15
334	15
335	21
336	13
337	19
338	21
339	18
340	22
341	10
342	16
343	15
344	17
345	15
346	20
347	21
348	24
349	24
350	13
351	23
352	12
353	20
354	21
355	24
356	28
357	12
358	22
359	27
360	21
361	28
362	12
363	19
364	17
365	14
366	17
367	20
368	16
369	12
370	19
371	20
372	14
373	17
374	22
375	6
376	15
377	16
378	16
379	16
380	18
381	15
382	13
383	18
384	8
385	12
386	7
387	19
388	14
389	13
390	28
391	17
392	12
393	18
394	18
395	15
396	12
397	20
398	24
399	12
400	17
401	19
402	11
403	17
404	10
405	13
406	21
407	12
408	11
409	19
410	16
411	13
412	10
413	10
414	19
415	22
416	11
417	15
418	13
419	17
420	12
421	15
422	14
423	20
424	16
425	22
426	17
427	19
428	13
429	20
430	16
431	10
432	17
433	15
434	22
435	12
436	15
437	15
438	19
439	20
440	12
441	7
442	7
443	12
444	9
445	13
446	14
447	13
448	14
449	6
450	15
451	14
452	16
453	17
454	13
455	5
456	8
457	8
458	10
459	12
460	17
461	11
462	4
463	14
464	11
465	7
466	10
467	8
468	11
469	6
470	16
471	10
472	11
473	8
474	9
475	9
476	8
477	12
478	16
479	10
480	7
481	6
482	12
483	12
484	10
485	12
486	10
487	6
488	11
489	3
490	10
491	7
492	8
493	13
494	6
495	6
496	10
497	13
498	4
499	11
500	12
501	10
502	14
503	11
504	9
505	10
506	12
507	4
508	13
509	9
510	6
511	13
512	5
513	11
514	11
515	7
516	11
517	5
518	9
519	15
520	11
521	9
522	9
523	6
524	9
525	6
526	10
527	5
528	11
529	9
530	15
531	8
532	6
533	10
534	10
535	10
536	13
537	7
538	7
539	7
540	6
541	10
542	10
543	7
544	10
545	2
546	15
547	6
548	9
549	6
550	8
551	6
552	5
553	11
554	12
555	5
556	9
557	8
558	7
559	10
560	10
561	2
562	9
563	10
564	4
565	6
566	10
567	7
568	9
569	11
570	6
571	7
572	6
573	9
574	9
575	8
576	1
577	3
578	12
579	9
580	11
581	10
582	4
583	7
584	4
585	6
586	3
587	4
588	7
589	7
590	11
591	4
592	7
593	7
594	7
595	10
596	6
597	5
598	6
599	4
600	7
601	8
602	8
603	12
604	12
605	6
606	6
607	17
608	4
609	7
610	8
611	4
612	9
613	5
614	10
615	9
616	11
617	5
618	7
619	3
620	9
621	7
622	12
623	9
624	6
625	5
626	9
627	6
628	9
629	7
630	7
631	5
632	12
633	8
634	6
635	3
636	10
637	7
638	7
639	7
640	4
641	5
642	9
643	12
644	10
645	12
646	10
647	6
648	5
649	7
650	5
651	7
652	6
653	4
654	13
655	9
656	4
657	7
658	11
659	5
660	7
661	5
662	11
663	6
664	4
665	5
666	5
667	6
668	4
669	4
670	7
671	8
672	8
673	7
674	3
675	2
676	5
677	5
678	1
679	8
680	5
681	4
682	3
683	1
684	3
685	5
686	4
687	3
688	2
689	3
690	3
691	5
692	1
693	3
694	6
695	8
696	2
697	5
698	4
699	12
700	6
701	0
702	4
703	4
704	3
705	5
706	7
707	3
708	4
709	5
710	6
711	5
712	4
713	3
714	5
715	7
716	6
717	4
718	6
719	1
720	5
721	1
722	4
723	1
724	2
725	6
726	3
727	7
728	1
729	5
730	3
731	4
732	6
733	7
734	8
735	10
736	3
737	3
738	10
739	4
740	2
741	3
742	6
743	6
744	5
745	3
746	5
747	6
748	5
749	6
750	3
751	3
752	3
753	8
754	7
755	6
756	6
757	6
758	4
759	3
760	4
761	5
762	4
763	3
764	3
765	8
766	1
767	5
768	4
769	4
770	1
771	8
772	5
773	2
774	5
775	3
776	3
777	6
778	6
779	7
780	6
781	4
782	5
783	6
784	3
785	7
786	4
787	4
788	2
789	2
790	7
791	3
792	3
793	3
794	1
795	5
796	3
797	4
798	2
799	6
800	5
801	3
802	1
803	2
804	5
805	1
806	5
807	7
808	5
809	2
810	3
811	1
812	4
813	2
814	6
815	3
816	2
817	2
818	3
819	1
820	3
821	3
822	6
823	3
824	3
825	4
826	6
827	3
828	3
829	1
830	4
831	1
832	8
833	1
834	4
835	2
836	6
837	1
838	4
839	3
840	1
841	1
842	3
843	3
844	7
845	5
846	4
847	5
848	3
849	4
850	4
851	3
852	3
853	1
854	3
855	3
856	4
857	4
858	3
859	4
860	1
861	1
862	3
863	2
864	4
865	4
866	3
867	1
868	6
869	6
870	2
871	2
872	2
873	5
874	4
875	4
876	8
877	0
878	5
879	2
880	2
881	3
882	2
883	2
884	5
885	2
886	6
887	4
888	2
889	2
890	2
891	2
892	3
893	3
894	0
895	0
896	5
897	3
898	3
899	5
900	6
901	6
902	3
903	3
904	2
905	1
906	3
907	3
908	4
909	4
910	2
911	4
912	2
913	2
914	4
915	2
916	4
917	2
918	6
919	2
920	2
921	3
922	7
923	6
924	7
925	0
926	7
927	2
928	4
929	1
930	3
931	2
932	3
933	2
934	2
935	5
936	1
937	3
938	6
939	1
940	3
941	5
942	2
943	4
944	7
945	0
946	6
947	4
948	5
949	1
950	1
951	5
952	2
953	3
954	3
955	5
956	5
957	3
958	3
959	1
960	2
961	1
962	2
963	4
964	6
965	3
966	6
967	3
968	2
969	2
970	2
971	5
972	4
973	0
974	6
975	2
976	0
977	4
978	4
979	2
980	3
981	5
982	5
983	3
984	3
985	2
986	2
987	2
988	3
989	4
990	3
991	2
992	0
993	2
994	5
995	5
996	4
997	3
998	4
999	1
1000	2
1001	0
1002	0
1003	3
1004	1
1005	6
1006	2
1007	4
1008	1
1009	5
1010	2
1011	2
1012	2
1013	2
1014	2
1015	2
1016	3
1017	4
1018	1
1019	2
1020	1
1021	1
1022	3
1023	7
1024	3
1025	3
1026	2
1027	0
1028	6
1029	1
1030	3
1031	2
1032	5
1033	2
1034	3
1035	5
1036	4
1037	0
1038	2
1039	5
1040	1
1041	0
1042	0
1043	1
1044	3
1045	1
1046	3
1047	3
1048	1
1049	5
1050	3
1051	7
1052	1
1053	1
1054	1
1055	5
1056	9
1057	4
1058	4
1059	1
1060	3
1061	3
1062	5
1063	3
1064	2
1065	2
1066	2
1067	0
1068	2
1069	3
1070	3
1071	4
1072	1
1073	8
1074	7
1075	4
1076	3
1077	4
1078	2
1079	5
1080	5
1081	3
1082	2
1083	4
1084	3
1085	2
1086	3
1087	5
1088	5
1089	3
1090	2
1091	1
1092	2
1093	2
1094	6
1095	3
1096	5
1097	5
1098	1
1099	5
1100	3
1101	5
1102	3
1103	1
1104	4
1105	3
1106	5
1107	0
1108	2
1109	3
1110	4
1111	3
1112	2
1113	3
1114	2
1115	4
1116	5
1117	4
1118	3
1119	2
1120	1
1121	3
1122	5
1123	4
1124	6
1125	4
1126	2
1127	3
1128	3
1129	1
1130	3
1131	2
1132	5
1133	4
1134	3
1135	3
1136	5
1137	3
1138	2
1139	3
1140	1
1141	1
1142	0
1143	5
1144	2
1145	1
1146	1
1147	4
1148	3
1149	1
1150	2
1151	3
1152	1
1153	3
1154	6
1155	1
1156	1
1157	0
1158	4
1159	4
1160	3
1161	1
1162	0
1163	2
1164	5
1165	3
1166	1
1167	1
1168	2
1169	2
1170	3
1171	2
1172	2
1173	2
1174	1
1175	2
1176	1
1177	3
1178	1
1179	1
1180	0
1181	2
1182	1
1183	2
1184	2
1185	1
1186	4
1187	2
1188	1
1189	2
1190	1
1191	1
1192	5
1193	3
1194	1
1195	1
1196	1
1197	3
1198	1
1199	4
1200	1
1201	1
1202	1
1203	3
1204	1
1205	2
1206	2
1207	1
1208	1
1209	2
1210	3
1211	1
1212	0
1213	3
1214	2
1215	0
1216	1
1217	3
1218	2
1219	1
1220	4
1221	0
1222	2
1223	1
1224	1
1225	2
1226	0
1227	1
1228	0
1229	2
1230	2
1231	1
1232	1
1233	3
1234	2
1235	1
1236	3
1237	2
1238	1
1239	1
1240	1
1241	1
1242	5
1243	2
1244	2
1245	1
1246	2
1247	3
1248	4
1249	3
1250	4
1251	2
1252	1
1253	1
1254	3
1255	3
1256	2
1257	0
1258	6
1259	1
1260	2
1261	4
1262	4
1263	1
1264	2
1265	3
1266	1
1267	4
1268	0
1269	2
1270	2
1271	0
1272	2
1273	1
1274	2
1275	1
1276	1
1277	0
1278	2
1279	3
1280	1
1281	0
1282	3
1283	4
1284	3
1285	2
1286	2
1287	1
1288	0
1289	4
1290	2
1291	2
1292	1
1293	1
1294	1
1295	1
1296	1
1297	3
1298	2
1299	5
1300	1
1301	1
1302	1
1303	3
1304	0
1305	0
1306	0
1307	0
1308	1
1309	3
1310	4
1311	3
1312	0
1313	3
1314	2
1315	1
1316	1
1317	1
1318	1
1319	1
1320	1
1321	1
1322	3
1323	1
1324	2
1325	1
1326	3
1327	2
1328	3
1329	2
1330	1
1331	1
1332	4
1333	3
1334	1
1335	2
1336	1
1337	2
1338	1
1339	3
1340	2
1341	3
1342	1
1343	2
1344	0
1345	1
1346	1
1347	3
1348	1
1349	2
1350	3
1351	4
1352	1
1353	1
1354	0
1355	2
1356	1
1357	0
1358	2
1359	1
1360	3
1361	0
1362	1
1363	1
1364	1
1365	0
1366	1
1367	4
1368	4
1369	3
1370	1
1371	5
1372	0
1373	1
1374	2
1375	1
1376	2
1377	1
1378	2
1379	3
1380	1
1381	2
1382	1
1383	2
1384	0
1385	2
1386	1
1387	2
1388	0
1389	2
1390	2
1391	2
1392	2
1393	2
1394	3
1395	2
1396	1
1397	1
1398	0
1399	2
1400	3
1401	2
1402	2
1403	2
1404	0
1405	2
1406	2
1407	1
1408	3
1409	1
1410	2
1411	1
1412	2
1413	1
1414	2
1415	3
1416	0
1417	2
1418	1
1419	0
1420	4
1421	0
1422	3
1423	0
1424	4
1425	1
1426	0
1427	1
1428	2
1429	3
1430	1
1431	2
1432	1
1433	3
1434	1
1435	2
1436	2
1437	1
1438	2
1439	2
1440	2
1441	0
1442	3
1443	1
1444	0
1445	1
1446	0
1447	2
1448	4
1449	1
1450	1
1451	1
1452	2
1453	0
1454	3
1455	0
1456	0
1457	3
1458	1
1459	1
1460	1
1461	1
1462	1
1463	0
1464	0
1465	1
1466	2
1467	4
1468	1
1469	3
1470	0
1471	1
1472	2
1473	2
1474	3
1475	1
1476	0
1477	3
1478	3
1479	1
1480	1
1481	1
1482	1
1483	3
1484	0
1485	1
1486	2
1487	5
1488	0
1489	2
1490	2
1491	2
1492	2
1493	1
1494	2
1495	1
1496	0
1497	0
1498	1
1499	2
1500	1
1501	0
1502	2
1503	3
1504	1
1505	1
1506	2
1507	3
1508	3
1509	1
1510	2
1511	1
1512	2
1513	2
1514	2
1515	2
1516	4
1517	1
1518	3
1519	0
1520	1
1521	2
1522	0
1523	1
1524	0
1525	1
1526	0
1527	1
1528	3
1529	2
1530	1
1531	0
1532	0
1533	1
1534	1
1535	5
1536	1
1537	1
1538	2
1539	2
1540	1
1541	0
1542	1
1543	1
1544	1
1545	1
1546	1
1547	1
1548	3
1549	2
1550	1
1551	1
1552	0
1553	0
1554	3
1555	1
1556	2
1557	2
1558	1
1559	0
1560	1
1561	2
1562	2
1563	4
1564	0
1565	0
1566	1
1567	3
1568	1
1569	2
1570	2
1571	2
1572	1
1573	2
1574	1
1575	2
1576	0
1577	2
1578	0
1579	2
1580	1
1581	3
1582	2
1583	2
1584	1
1585	0
1586	3
1587	1
1588	1
1589	1
1590	1
1591	1
1592	2
1593	1
1594	1
1595	2
1596	1
1597	0
1598	1
1599	1
1600	0
1601	0
1602	1
1603	2
1604	1
1605	1
1606	0
1607	1
1608	0
1609	0
1610	0
1611	1
1612	4
1613	0
1614	1
1615	2
1616	3
1617	0
1618	0
1619	1
1620	0
1621	1
1622	1
1623	2
1624	0
1625	0
1626	3
1627	0
1628	3
1629	1
1630	2
1631	1
1632	1
1633	2
1634	1
1635	0
1636	2
1637	1
1638	4
1639	1
1640	0
1641	2
1642	1
1643	1
1644	1
1645	2
1646	1
1647	1
1648	2
1649	1
1650	1
1651	0
1652	0
1653	4
1654	0
1655	0
1656	0
1657	2
1658	3
1659	2
1660	0
1661	1
1662	4
1663	1
1664	5
1665	4
1666	3
1667	1
1668	2
1669	1
1670	0
1671	3
1672	1
1673	1
1674	2
1675	1
1676	4
1677	2
1678	1
1679	2
1680	1
1681	2
1682	1
1683	3
1684	2
1685	0
1686	3
1687	3
1688	0
1689	3
1690	0
1691	2
1692	0
1693	2
1694	1
1695	0
1696	1
1697	0
1698	2
1699	2
1700	1
1701	1
1702	2
1703	2
1704	1
1705	3
1706	1
1707	1
1708	1
1709	1
1710	1
1711	4
1712	1
1713	1
1714	1
1715	1
1716	1
1717	1
1718	0
1719	2
1720	1
1721	3
1722	0
1723	1
1724	1
1725	3
1726	2
1727	0
1728	0
1729	3
1730	2
1731	0
1732	0
1733	0
1734	0
1735	0
1736	1
1737	1
1738	0
1739	1
1740	4
1741	2
1742	1
1743	3
1744	0
1745	2
1746	0
1747	2
1748	0
1749	1
1750	0
1751	2
1752	2
1753	1
1754	0
1755	2
1756	0
1757	2
1758	1
1759	0
1760	1
1761	2
1762	0
1763	1
1764	2
1765	1
1766	4
1767	3
1768	0
1769	0
1770	1
1771	1
1772	0
1773	1
1774	2
1775	1
1776	1
1777	0
1778	3
1779	3
1780	2
1781	2
1782	0
1783	2
1784	2
1785	4
1786	1
1787	1
1788	1
1789	1
1790	2
1791	2
1792	1
1793	2
1794	1
1795	2
1796	1
1797	1
1798	1
1799	1
1800	4
1801	3
1802	0
1803	2
1804	1
1805	2
1806	1
1807	0
1808	1
1809	1
1810	1
1811	2
1812	0
1813	0
1814	0
1815	0
1816	0
1817	1
1818	0
1819	3
1820	0
1821	0
1822	1
1823	2
1824	0
1825	3
1826	1
1827	1
1828	0
1829	1
1830	0
1831	0
1832	2
1833	1
1834	0
1835	2
1836	2
1837	0
1838	0
1839	1
1840	1
1841	2
1842	0
1843	0
1844	2
1845	2
1846	1
1847	1
1848	0
1849	2
1850	3
1851	0
1852	0
1853	1
1854	2
1855	1
1856	0
1857	1
1858	0
1859	0
1860	0
1861	1
1862	1
1863	1
1864	1
1865	2
1866	0
1867	1
1868	0
1869	1
1870	0
1871	2
1872	0
1873	1
1874	3
1875	0
1876	2
1877	0
1878	1
1879	0
1880	1
1881	0
1882	0
1883	2
1884	3
1885	1
1886	0
1887	0
1888	1
1889	1
1890	1
1891	0
1892	0
1893	0
1894	1
1895	0
1896	0
1897	2
1898	2
1899	2
1900	5
1901	1
1902	1
1903	0
1904	0
1905	4
1906	0
1907	3
1908	1
1909	1
1910	1
1911	1
1912	1
1913	0
1914	1
1915	0
1916	2
1917	0
1918	3
1919	0
1920	2
1921	0
1922	1
1923	1
1924	1
1925	2
1926	0
1927	1
1928	2
1929	2
1930	2
1931	3
1932	1
1933	2
1934	0
1935	0
1936	2
1937	0
1938	0
1939	1
1940	1
1941	1
1942	1
1943	1
1944	3
1945	1
1946	1
1947	0
1948	1
1949	0
1950	0
1951	1
1952	1
1953	2
1954	0
1955	2
1956	2
1957	1
1958	0
1959	1
1960	0
1961	1
1962	0
1963	2
1964	0
1965	0
1966	0
1967	1
1968	1
1969	1
1970	2
1971	3
1972	1
1973	1
1974	1
1975	2
1976	0
1977	1
1978	0
1979	0
1980	2
1981	2
1982	0
1983	0
1984	1
1985	1
1986	0
1987	1
1988	1
1989	0
1990	1
1991	2
1992	2
1993	1
1994	0
1995	2
1996	2
1997	1
1998	1
1999	0
2000	2
2001	2
2002	0
2003	0
2004	2
2005	2
2006	1
2007	1
2008	0
2009	1
2010	1
2011	1
2012	1
2013	1
2014	0
2015	1
2016	2
2017	1
2018	1
2019	2
2020	1
2021	0
2022	2
2023	0
2024	1
2025	0
2026	0
2027	3
2028	2
2029	1
2030	1
2031	0
2032	2
2033	2
2034	0
2035	2
2036	2
2037	1
2038	1
2039	2
2040	3
2041	0
2042	0
2043	1
2044	0
2045	0
2046	0
2047	1
2048	4
2049	1
2050	0
2051	0
2052	0
2053	2
2054	1
2055	0
2056	1
2057	1
2058	0
2059	0
2060	2
2061	2
2062	2
2063	0
2064	1
2065	0
2066	0
2067	1
2068	3
2069	1
2070	0
2071	1
2072	1
2073	0
2074	2
2075	1
2076	1
2077	1
2078	1
2079	1
2080	0
2081	1
2082	0
2083	0
2084	0
2085	0
2086	2
2087	4
2088	0
2089	1
2090	0
2091	1
2092	0
2093	1
2094	3
2095	0
2096	0
2097	1
2098	2
2099	1
2100	1
2101	0
2102	1
2103	2
2104	0
2105	0
2106	0
2107	1
2108	1
2109	0
2110	1
2111	0
2112	1
2113	0
2114	0
2115	1
2116	1
2117	1
2118	0
2119	0
2120	2
2121	1
2122	2
2123	2
2124	0
2125	3
2126	0
2127	2
2128	1
2129	0
2130	0
2131	0
2132	0
2133	1
2134	2
2135	0
2136	1
2137	3
2138	0
2139	2
2140	2
2141	1
2142	1
2143	3
2144	0
2145	1
2146	1
2147	0
2148	0
2149	0
2150	1
2151	3
2152	2
2153	1
2154	1
2155	0
2156	1
2157	2
2158	0
2159	1
2160	0
2161	1
2162	1
2163	1
2164	1
2165	1
2166	0
2167	1
2168	0
2169	1
2170	3
2171	1
2172	1
2173	0
2174	2
2175	0
2176	0
2177	1
2178	0
2179	2
2180	0
2181	1
2182	2
2183	0
2184	0
2185	1
2186	0
2187	0
2188	2
2189	1
2190	0
2191	0
2192	1
2193	2
2194	0
2195	1
2196	1
2197	0
2198	2
2199	0
2200	1
2201	0
2202	0
2203	3
2204	0
2205	4
2206	1
2207	1
2208	0
2209	2
2210	1
2211	2
2212	1
2213	0
2214	0
2215	2
2216	1
2217	1
2218	1
2219	0
2220	0
2221	0
2222	0
2223	1
2224	0
2225	1
2226	0
2227	1
2228	0
2229	1
2230	0
2231	1
2232	0
2233	0
2234	0
2235	1
2236	0
2237	3
2238	0
2239	1
2240	3
2241	1
2242	2
2243	1
2244	1
2245	0
2246	1
2247	0
2248	0
2249	1
2250	0
2251	0
2252	1
2253	0
2254	1
2255	2
2256	3
2257	0
2258	1
2259	0
2260	0
2261	0
2262	2
2263	0
2264	0
2265	1
2266	0
2267	0
2268	0
2269	1
2270	0
2271	0
2272	1
2273	1
2274	0
2275	0
2276	0
2277	2
2278	1
2279	0
2280	0
2281	0
2282	1
2283	0
2284	0
2285	1
2286	0
2287	0
2288	1
2289	0
2290	1
2291	0
2292	0
2293	0
2294	1
2295	1
2296	0
2297	0
2298	0
2299	0
2300	1
2301	1
2302	1
2303	0
2304	0
2305	0
2306	1
2307	1
2308	0
2309	0
2310	1
2311	0
2312	2
2313	0
2314	1
2315	0
2316	1
2317	0
2318	0
2319	0
2320	0
2321	0
2322	0
2323	1
2324	0
2325	0
2326	0
2327	2
2328	0
2329	0
2330	3
2331	1
2332	0
2333	0
2334	0
2335	0
2336	1
2337	0
2338	0
2339	1
2340	0
2341	0
2342	0
2343	1
2344	0
2345	0
2346	0
2347	0
2348	0
2349	0
2350	0
2351	0
2352	0
2353	1
2354	0
2355	1
2356	1
2357	1
2358	1
2359	0
2360	0
2361	2
2362	0
2363	0
2364	0
2365	0
2366	0
2367	0
2368	0
2369	1
2370	0
2371	0
2372	0
2373	0
2374	0
2375	0
2376	0
2377	0
2378	1
2379	1
2380	0
2381	1
2382	1
2383	0
2384	0
2385	1
2386	1
2387	0
2388	0
2389	0
2390	0
2391	0
2392	3
2393	0
2394	0
2395	0
2396	0
2397	0
2398	0
2399	0
2400	0
2401	0
2402	0
2403	0
2404	0
2405	0
2406	1
2407	0
2408	0
2409	0
2410	1
2411	0
2412	1
2413	0
2414	1
2415	0
2416	0
2417	0
2418	1
2419	0
2420	0
2421	0
2422	0
2423	0
2424	0
2425	1
2426	0
2427	0
2428	0
2429	0
2430	0
2431	0
2432	2
2433	0
2434	0
2435	0
2436	0
2437	1
2438	0
2439	0
2440	0
2441	3
2442	1
2443	0
2444	1
2445	1
2446	1
2447	0
2448	0
2449	2
2450	1
2451	1
2452	0
2453	0
2454	1
2455	0
2456	0
2457	0
2458	0
2459	1
2460	0
2461	1
2462	0
2463	0
2464	2
2465	1
2466	0
2467	1
2468	0
2469	1
2470	1
2471	0
2472	0
2473	0
2474	0
2475	0
2476	2
2477	0
2478	0
2479	1
2480	0
2481	0
2482	0
2483	0
2484	2
2485	2
2486	0
2487	0
2488	1
2489	1
2490	0
2491	0
2492	0
2493	1
2494	0
2495	0
2496	0
2497	1
2498	0
2499	0
2500	0
2501	1
2502	1
2503	0
2504	0
2505	1
2506	2
2507	0
2508	0
2509	1
2510	0
2511	1
2512	1
2513	0
2514	1
2515	0
2516	2
2517	0
2518	2
2519	2
2520	0
2521	1
2522	2
2523	0
2524	0
2525	1
2526	1
2527	0
2528	2
2529	1
2530	1
2531	0
2532	0
2533	0
2534	0
2535	3
2536	0
2537	2
2538	1
2539	0
2540	2
2541	0
2542	0
2543	0
2544	1
2545	0
2546	1
2547	0
2548	3
2549	2
2550	1
2551	3
2552	0
2553	0
2554	1
2555	1
2556	2
2557	0
2558	0
2559	0
2560	0
2561	2
2562	0
2563	0
2564	0
2565	1
2566	1
2567	2
2568	2
2569	3
2570	2
2571	2
2572	2
2573	0
2574	1
2575	0
2576	0
2577	1
2578	0
2579	1
2580	3
2581	1
2582	1
2583	2
2584	1
2585	5
2586	0
2587	2
2588	0
2589	2
2590	0
2591	3
2592	1
2593	1
2594	0
2595	1
2596	3
2597	1
2598	4
2599	4
2600	2
2601	1
2602	2
2603	3
2604	0
2605	3
2606	0
2607	0
2608	2
2609	0
2610	2
2611	0
2612	1
2613	0
2614	3
2615	2
2616	2
2617	3
2618	3
2619	1
2620	2
2621	2
2622	3
2623	1
2624	1
2625	0
2626	3
2627	2
2628	2
2629	4
2630	2
2631	1
2632	0
2633	2
2634	1
2635	2
2636	2
2637	1
2638	0
2639	2
2640	0
2641	2
2642	1
2643	1
2644	2
2645	3
2646	3
2647	2
2648	3
2649	2
2650	2
2651	2
2652	1
2653	2
2654	0
2655	1
2656	1
2657	3
2658	0
2659	1
2660	1
2661	1
2662	3
2663	0
2664	0
2665	1
2666	3
2667	0
2668	0
2669	1
2670	0
2671	0
2672	0
2673	1
2674	0
2675	2
2676	2
2677	1
2678	2
2679	1
2680	4
2681	0
2682	0
2683	1
2684	0
2685	1
2686	0
2687	0
2688	1
2689	0
2690	1
2691	2
2692	1
2693	1
2694	1
2695	1
2696	1
2697	0
2698	1
2699	0
2700	1
2701	0
2702	1
2703	1
2704	0
2705	0
2706	0
2707	1
2708	1
2709	0
2710	0
2711	2
2712	0
2713	1
2714	1
2715	0
2716	0
2717	1
2718	1
2719	0
2720	0
2721	0
2722	1
2723	0
2724	1
2725	0
2726	0
2727	0
2728	2
2729	0
2730	0
2731	2
2732	1
2733	1
2734	1
2735	0
2736	0
2737	1
2738	1
2739	1
2740	0
2741	1
2742	0
2743	0
2744	0
2745	0
2746	1
2747	1
2748	0
2749	0
2750	0
2751	0
2752	1
2753	0
2754	0
2755	1
2756	0
2757	0
2758	0
2759	0
2760	0
2761	0
2762	0
2763	0
2764	1
2765	0
2766	0
2767	0
2768	0
2769	0
2770	1
2771	1
2772	0
2773	0
2774	1
2775	1
2776	1
2777	0
2778	0
2779	0
2780	0
2781	0
2782	0
2783	0
2784	0
2785	0
2786	0
2787	0
2788	1
2789	1
2790	0
2791	0
2792	0
2793	1
2794	1
2795	1
2796	0
2797	0
2798	0
2799	0
2800	0
2801	0
2802	0
2803	0
2804	0
2805	0
2806	0
2807	0
2808	0
2809	1
2810	1
2811	0
2812	0
2813	1
2814	0
2815	0
2816	1
2817	0
2818	0
2819	1
2820	1
2821	0
2822	0
2823	0
2824	0
2825	0
2826	0
2827	0
2828	0
2829	0
2830	0
2831	1
2832	0
2833	0
2834	0
2835	0
2836	0
2837	0
2838	0
2839	0
2840	0
2841	0
2842	0
2843	1
2844	1
2845	0
2846	1
2847	0
2848	0
2849	0
2850	0
2851	0
2852	1
2853	0
2854	0
2855	0
2856	0
2857	1
2858	0
2859	0
2860	1
2861	0
2862	0
2863	0
2864	0
2865	1
2866	0
2867	0
2868	0
2869	0
2870	1
2871	0
2872	0
2873	0
2874	0
2875	0
2876	0
2877	1
2878	0
2879	0
2880	0
2881	0
2882	0
2883	1
2884	1
2885	0
2886	0
2887	0
2888	0
2889	0
2890	0
2891	0
2892	0
2893	0
2894	0
2895	0
2896	0
2897	0
2898	0
2899	0
2900	0
2901	0
2902	0
2903	2
2904	0
2905	0
2906	0
2907	0
2908	0
2909	0
2910	1
2911	0
2912	1
2913	1
2914	0
2915	0
2916	1
2917	1
2918	1
2919	0
2920	1
2921	0
2922	0
2923	0
2924	1
2925	2
2926	0
2927	0
2928	0
2929	1
2930	0
2931	0
2932	0
2933	0
2934	0
2935	0
2936	1
2937	0
2938	0
2939	0
2940	0
2941	0
2942	1
2943	0
2944	0
2945	0
2946	0
2947	0
2948	0
2949	0
2950	1
2951	0
2952	0
2953	0
2954	1
2955	0
2956	0
2957	0
2958	0
2959	0
2960	0
2961	0
2962	0
2963	0
2964	0
2965	0
2966	0
2967	0
2968	0
2969	0
2970	0
2971	0
2972	0
2973	0
2974	0
2975	1
2976	0
2977	0
2978	0
2979	0
2980	1
2981	0
2982	0
2983	0
2984	0
2985	0
2986	0
2987	1
2988	0
2989	0
2990	0
2991	0
2992	0
2993	0
2994	0
2995	0
2996	0
2997	0
2998	0
2999	0
3000	0
3001	0
3002	0
3003	1
3004	0
3005	0
3006	0
3007	0
3008	0
3009	0
3010	0
3011	0
3012	0
3013	0
3014	0
3015	0
3016	1
3017	1
3018	0
3019	0
3020	0
3021	0
3022	0
3023	0
3024	0
3025	0
3026	0
3027	0
3028	0
3029	0
3030	0
3031	0
3032	0
3033	1
3034	1
3035	1
3036	0
3037	0
3038	0
3039	0
3040	0
3041	0
3042	0
3043	0
3044	1
3045	0
3046	0
3047	1
3048	0
3049	0
3050	1
3051	0
3052	0
3053	0
3054	0
3055	0
3056	0
3057	1
3058	1
3059	0
3060	0
3061	0
3062	0
3063	0
3064	0
3065	1
3066	0
3067	0
3068	0
3069	0
3070	0
3071	0
3072	0
3073	0
3074	0
3075	0
3076	0
3077	0
3078	1
3079	0
3080	1
3081	1
3082	0
3083	1
3084	0
3085	0
3086	0
3087	0
3088	2
3089	0
3090	0
3091	0
3092	0
3093	0
3094	0
3095	0
3096	0
3097	2
3098	0
3099	0
3100	0
3101	0
3102	0
3103	0
3104	0
3105	0
3106	0
3107	0
3108	0
3109	0
3110	1
3111	2
3112	1
3113	0
3114	0
3115	0
3116	0
3117	0
3118	1
3119	1
3120	0
3121	0
3122	0
3123	1
3124	0
3125	0
3126	0
3127	0
3128	0
3129	0
3130	0
3131	0
3132	0
3133	0
3134	0
3135	0
3136	1
3137	0
3138	1
3139	0
3140	0
3141	0
3142	1
3143	0
3144	1
3145	0
3146	1
3147	1
3148	0
3149	0
3150	0
3151	0
3152	0
3153	0
3154	0
3155	0
3156	0
3157	0
3158	1
3159	0
3160	0
3161	0
3162	0
3163	1
3164	0
3165	0
3166	0
3167	0
3168	0
3169	0
3170	0
3171	1
3172	0
3173	0
3174	1
3175	0
3176	0
3177	0
3178	0
3179	0
3180	0
3181	0
3182	0
3183	0
3184	0
3185	1
3186	0
3187	0
3188	0
3189	0
3190	1
3191	1
3192	0
3193	1
3194	1
3195	0
3196	0
3197	0
3198	0
3199	1
3200	0
3201	0
3202	0
3203	0
3204	1
3205	0
3206	0
3207	0
3208	0
3209	0
3210	1
3211	0
3212	0
3213	0
3214	1
3215	0
3216	0
3217	1
3218	0
3219	0
3220	0
3221	0
3222	0
3223	0
3224	0
3225	0
3226	1
3227	0
3228	0
3229	0
3230	0
3231	0
3232	0
3233	0
3234	0
3235	0
3236	0
3237	1
3238	1
3239	0
3240	0
3241	0
3242	0
3243	0
3244	0
3245	0
3246	0
3247	0
3248	0
3249	0
3250	0
3251	0
3252	0
3253	0
3254	0
3255	0
3256	0
3257	0
3258	0
3259	1
3260	0
3261	0
3262	0
3263	0
3264	0
3265	0
3266	0
3267	0
3268	0
3269	0
3270	0
3271	0
3272	0
3273	0
3274	0
3275	0
3276	0
3277	0
3278	0
3279	0
3280	3
3281	0
3282	0
3283	0
3284	0
3285	0
3286	1
3287	0
3288	1
3289	0
3290	1
3291	0
3292	0
3293	0
3294	0
3295	0
3296	0
3297	0
3298	0
3299	0
3300	0
3301	0
3302	0
3303	0
3304	0
3305	0
3306	1
3307	0
3308	0
3309	0
3310	0
3311	0
3312	0
3313	0
3314	0
3315	1
3316	0
3317	0
3318	0
3319	0
3320	0
3321	0
3322	0
3323	0
3324	0
3325	1
3326	0
3327	0
3328	0
3329	0
3330	0
3331	0
3332	0
3333	0
3334	0
3335	0
3336	0
3337	0
3338	0
3339	0
3340	0
3341	1
3342	0
3343	0
3344	0
3345	0
3346	0
3347	0
3348	0
3349	0
3350	0
3351	0
3352	0
3353	0
3354	0
3355	0
3356	0
3357	0
3358	0
3359	1
3360	0
3361	0
3362	0
3363	0
3364	0
3365	0
3366	0
3367	1
3368	0
3369	0
3370	1
3371	0
3372	0
3373	0
3374	0
3375	0
3376	1
3377	0
3378	0
3379	0
3380	0
3381	0
3382	0
3383	0
3384	0
3385	0
3386	0
3387	0
3388	0
3389	0
3390	0
3391	0
3392	0
3393	0
3394	0
3395	0
3396	0
3397	0
3398	1
3399	1
3400	0
3401	0
3402	0
3403	0
3404	0
3405	0
3406	0
3407	0
3408	0
3409	0
3410	0
3411	0
3412	0
3413	0
3414	0
3415	0
3416	0
3417	0
3418	0
3419	0
3420	0
3421	0
3422	0
3423	0
3424	0
3425	0
3426	0
3427	0
3428	0
3429	0
3430	0
3431	0
3432	0
3433	0
3434	0
3435	0
3436	0
3437	0
3438	0
3439	0
3440	0
3441	0
3442	0
3443	0
3444	0
3445	0
3446	0
3447	0
3448	0
3449	0
3450	0
3451	0
3452	0
3453	0
3454	0
3455	0
3456	0
3457	0
3458	0
3459	0
3460	0
3461	0
3462	0
3463	0
3464	0
3465	0
3466	0
3467	0
3468	0
3469	0
3470	0
3471	0
3472	0
3473	0
3474	0
3475	0
3476	0
3477	0
3478	0
3479	0
3480	0
3481	0
3482	0
3483	0
3484	0
3485	0
3486	0
3487	0
3488	0
3489	0
3490	0
3491	0
3492	0
3493	0
3494	0
3495	0
3496	0
3497	0
3498	0
3499	0
3500	0
3501	0
3502	0
3503	1
3504	0
3505	1
3506	0
3507	0
3508	0
3509	0
3510	0
3511	1
3512	0
3513	0
3514	0
3515	0
3516	0
3517	0
3518	0
3519	0
3520	0
3521	0
3522	0
3523	0
3524	0
3525	0
3526	0
3527	0
3528	1
3529	0
3530	0
3531	0
3532	0
3533	0
3534	0
3535	0
3536	0
3537	0
3538	0
3539	0
3540	0
3541	0
3542	0
3543	0
3544	0
3545	0
3546	0
3547	0
3548	0
3549	0
3550	0
3551	0
3552	0
3553	0
3554	0
3555	0
3556	0
3557	0
3558	1
3559	1
3560	0
3561	0
3562	0
3563	0
3564	0
3565	0
3566	0
3567	0
3568	1
3569	0
3570	0
3571	0
3572	0
3573	0
3574	0
3575	0
3576	0
3577	1
3578	0
3579	0
3580	0
3581	0
3582	0
3583	0
3584	0
3585	0
3586	0
3587	1
3588	0
3589	0
3590	0
3591	0
3592	0
3593	0
3594	0
3595	1
3596	0
3597	0
3598	0
3599	0
3600	0
3601	0
3602	0
3603	0
3604	0
3605	0
3606	1
3607	0
3608	0
3609	0
3610	1
3611	0
3612	0
3613	0
3614	0
3615	0
3616	0
3617	0
3618	0
3619	0
3620	0
3621	0
3622	0
3623	0
3624	0
3625	0
3626	0
3627	0
3628	0
3629	0
3630	0
3631	0
3632	1
3633	0
3634	0
3635	0
3636	0
3637	0
3638	0
3639	0
3640	0
3641	0
3642	1
3643	0
3644	0
3645	0
3646	0
3647	0
3648	0
3649	0
3650	0
3651	0
3652	0
3653	0
3654	0
3655	1
3656	0
3657	0
3658	0
3659	1
3660	0
3661	0
3662	0
3663	1
3664	0
3665	0
3666	0
3667	1
3668	0
3669	0
3670	0
3671	0
3672	1
3673	0
3674	0
3675	0
3676	0
3677	1
3678	0
3679	1
3680	0
3681	2
3682	0
3683	0
3684	0
3685	0
3686	0
3687	0
3688	0
3689	0
3690	0
3691	0
3692	0
3693	0
3694	0
3695	1
3696	0
3697	0
3698	1
3699	1
3700	0
3701	0
3702	0
3703	0
3704	0
3705	0
3706	0
3707	0
3708	0
3709	0
3710	0
3711	0
3712	0
3713	0
3714	0
3715	0
3716	0
3717	0
3718	0
3719	0
3720	0
3721	1
3722	0
3723	0
3724	1
3725	0
3726	0
3727	0
3728	0
3729	0
3730	0
3731	0
3732	0
3733	0
3734	0
3735	0
3736	0
3737	0
3738	0
3739	0
3740	1
3741	1
3742	0
3743	0
3744	0
3745	0
3746	1
3747	0
3748	0
3749	1
3750	0
3751	0
3752	0
3753	0
3754	0
3755	0
3756	0
3757	0
3758	0
3759	1
3760	0
3761	0
3762	0
3763	0
3764	0
3765	0
3766	0
3767	1
3768	0
3769	0
3770	0
3771	1
3772	1
3773	1
3774	0
3775	0
3776	1
3777	0
3778	0
3779	0
3780	0
3781	0
3782	0
3783	0
3784	0
3785	0
3786	0
3787	0
3788	0
3789	0
3790	1
3791	0
3792	0
3793	0
3794	1
3795	0
3796	0
3797	0
3798	0
3799	0
3800	0
3801	0
3802	0
3803	0
3804	0
3805	0
3806	0
3807	0
3808	1
3809	0
3810	0
3811	0
3812	0
3813	0
3814	0
3815	0
3816	0
3817	0
3818	0
3819	0
3820	1
3821	0
3822	0
3823	0
3824	0
3825	0
3826	1
3827	0
3828	0
3829	0
3830	1
3831	2
3832	0
3833	0
3834	0
3835	0
3836	1
3837	0
3838	0
3839	0
3840	0
3841	0
3842	0
3843	1
3844	0
3845	0
3846	1
3847	0
3848	0
3849	0
3850	0
3851	0
3852	0
3853	0
3854	0
3855	0
3856	1
3857	0
3858	1
3859	0
3860	0
3861	0
3862	0
3863	0
3864	0
3865	0
3866	0
3867	1
3868	0
3869	0
3870	0
3871	0
3872	0
3873	0
3874	0
3875	0
3876	2
3877	0
3878	0
3879	0
3880	0
3881	0
3882	0
3883	0
3884	0
3885	0
3886	0
3887	0
3888	0
3889	0
3890	1
3891	0
3892	1
3893	1
3894	0
3895	0
3896	0
3897	0
3898	0
3899	0
3900	0
3901	1
3902	0
3903	0
3904	0
3905	0
3906	0
3907	0
3908	0
3909	0
3910	0
3911	0
3912	0
3913	0
3914	0
3915	0
3916	1
3917	0
3918	0
3919	0
3920	0
3921	0
3922	0
3923	1
3924	0
3925	0
3926	0
3927	0
3928	0
3929	0
3930	0
3931	1
3932	0
3933	0
3934	0
3935	1
3936	0
3937	0
3938	0
3939	0
3940	0
3941	0
3942	0
3943	0
3944	1
3945	0
3946	0
3947	0
3948	0
3949	0
3950	0
3951	0
3952	0
3953	0
3954	0
3955	0
3956	0
3957	0
3958	0
3959	0
3960	0
3961	0
3962	0
3963	0
3964	0
3965	0
3966	0
3967	0
3968	0
3969	0
3970	0
3971	0
3972	0
3973	0
3974	0
3975	0
3976	0
3977	0
3978	0
3979	0
3980	1
3981	0
3982	0
3983	0
3984	1
3985	0
3986	0
3987	0
3988	0
3989	0
3990	0
3991	0
3992	0
3993	0
3994	1
3995	0
3996	0
3997	0
3998	0
3999	0
4000	0
