Channel number	Impulses
Channel/#	Impulses/#

0	0
1	0
2	0
3	0
4	0
5	0
6	0
7	0
8	0
9	1
10	0
11	0
12	0
13	0
14	0
15	0
16	0
17	0
18	0
19	0
20	0
21	0
22	0
23	0
24	0
25	0
26	0
27	0
28	0
29	0
30	0
31	0
32	0
33	0
34	0
35	0
36	0
37	0
38	0
39	0
40	0
41	0
42	0
43	0
44	0
45	0
46	0
47	0
48	0
49	0
50	0
51	0
52	2
53	1
54	2
55	0
56	2
57	5
58	0
59	1
60	3
61	5
62	13
63	19
64	8
65	11
66	20
67	22
68	16
69	12
70	14
71	18
72	11
73	25
74	16
75	20
76	18
77	18
78	20
79	13
80	18
81	29
82	23
83	18
84	23
85	18
86	18
87	19
88	20
89	22
90	7
91	18
92	20
93	25
94	23
95	36
96	13
97	22
98	24
99	22
100	38
101	38
102	55
103	30
104	43
105	48
106	50
107	48
108	41
109	53
110	46
111	60
112	53
113	55
114	41
115	35
116	56
117	38
118	48
119	49
120	30
121	45
122	29
123	39
124	35
125	43
126	25
127	48
128	14
129	30
130	35
131	27
132	44
133	42
134	36
135	46
136	27
137	31
138	25
139	21
140	33
141	23
142	29
143	27
144	23
145	23
146	22
147	32
148	26
149	25
150	31
151	25
152	31
153	30
154	23
155	20
156	21
157	22
158	29
159	29
160	19
161	26
162	32
163	23
164	17
165	19
166	29
167	26
168	19
169	25
170	18
171	30
172	32
173	21
174	34
175	15
176	23
177	29
178	29
179	18
180	20
181	23
182	18
183	19
184	31
185	17
186	24
187	20
188	23
189	23
190	24
191	25
192	16
193	21
194	24
195	21
196	24
197	19
198	25
199	21
200	21
201	22
202	23
203	24
204	28
205	29
206	26
207	19
208	22
209	24
210	29
211	27
212	25
213	31
214	32
215	18
216	21
217	28
218	21
219	25
220	21
221	25
222	28
223	28
224	19
225	20
226	24
227	17
228	24
229	21
230	17
231	31
232	28
233	25
234	18
235	23
236	19
237	21
238	19
239	23
240	19
241	22
242	37
243	25
244	13
245	25
246	24
247	22
248	13
249	25
250	24
251	23
252	18
253	20
254	19
255	24
256	12
257	21
258	22
259	21
260	21
261	21
262	25
263	23
264	21
265	24
266	25
267	19
268	22
269	20
270	19
271	28
272	20
273	38
274	17
275	33
276	17
277	19
278	23
279	24
280	31
281	23
282	25
283	28
284	23
285	29
286	13
287	23
288	16
289	25
290	25
291	22
292	20
293	20
294	16
295	22
296	20
297	31
298	15
299	16
300	26
301	23
302	18
303	29
304	19
305	24
306	20
307	24
308	19
309	17
310	19
311	17
312	20
313	16
314	25
315	28
316	26
317	25
318	28
319	28
320	17
321	15
322	11
323	21
324	18
325	24
326	23
327	19
328	17
329	27
330	31
331	19
332	31
333	23
334	18
335	29
336	24
337	31
338	20
339	32
340	37
341	23
342	19
343	36
344	27
345	23
346	28
347	29
348	30
349	29
350	29
351	26
352	33
353	38
354	22
355	21
356	38
357	28
358	33
359	20
360	30
361	25
362	29
363	24
364	19
365	19
366	31
367	24
368	20
369	29
370	27
371	21
372	29
373	28
374	29
375	23
376	23
377	20
378	24
379	27
380	32
381	26
382	33
383	24
384	13
385	16
386	28
387	16
388	26
389	20
390	18
391	27
392	21
393	24
394	25
395	26
396	23
397	26
398	20
399	21
400	19
401	22
402	25
403	29
404	25
405	29
406	30
407	21
408	27
409	29
410	21
411	17
412	14
413	22
414	20
415	27
416	23
417	16
418	16
419	30
420	35
421	26
422	22
423	22
424	26
425	30
426	24
427	23
428	27
429	27
430	19
431	17
432	13
433	32
434	25
435	22
436	13
437	14
438	22
439	23
440	27
441	32
442	20
443	26
444	22
445	23
446	22
447	33
448	13
449	19
450	26
451	21
452	25
453	15
454	21
455	27
456	26
457	20
458	25
459	25
460	25
461	20
462	23
463	24
464	17
465	16
466	16
467	25
468	28
469	20
470	19
471	23
472	23
473	19
474	28
475	21
476	21
477	26
478	27
479	20
480	13
481	22
482	25
483	22
484	19
485	26
486	20
487	20
488	20
489	25
490	10
491	16
492	25
493	19
494	18
495	13
496	18
497	15
498	14
499	23
500	23
501	14
502	19
503	22
504	20
505	29
506	19
507	11
508	18
509	20
510	23
511	25
512	4
513	24
514	22
515	18
516	13
517	15
518	20
519	25
520	21
521	25
522	11
523	22
524	22
525	19
526	21
527	21
528	15
529	19
530	21
531	23
532	20
533	21
534	27
535	14
536	16
537	14
538	18
539	24
540	9
541	13
542	15
543	21
544	14
545	24
546	12
547	17
548	17
549	16
550	15
551	15
552	13
553	14
554	24
555	18
556	19
557	20
558	22
559	14
560	16
561	22
562	27
563	18
564	23
565	15
566	23
567	17
568	11
569	24
570	16
571	15
572	13
573	25
574	15
575	12
576	20
577	23
578	26
579	17
580	18
581	7
582	22
583	14
584	16
585	20
586	20
587	16
588	19
589	15
590	20
591	9
592	16
593	15
594	22
595	19
596	19
597	13
598	29
599	18
600	23
601	16
602	16
603	20
604	13
605	16
606	23
607	21
608	11
609	9
610	20
611	16
612	17
613	15
614	24
615	12
616	17
617	21
618	11
619	20
620	17
621	17
622	11
623	14
624	12
625	19
626	17
627	11
628	23
629	16
630	21
631	26
632	16
633	19
634	14
635	15
636	6
637	27
638	11
639	23
640	13
641	22
642	23
643	20
644	17
645	17
646	17
647	11
648	13
649	20
650	18
651	20
652	14
653	15
654	19
655	16
656	23
657	16
658	13
659	19
660	15
661	21
662	26
663	18
664	16
665	7
666	13
667	14
668	18
669	19
670	21
671	12
672	14
673	12
674	18
675	17
676	19
677	10
678	14
679	23
680	19
681	16
682	26
683	20
684	22
685	13
686	17
687	14
688	11
689	14
690	16
691	13
692	21
693	13
694	16
695	12
696	19
697	22
698	20
699	13
700	13
701	17
702	14
703	13
704	17
705	15
706	10
707	16
708	17
709	21
710	21
711	14
712	17
713	13
714	15
715	15
716	18
717	12
718	15
719	16
720	10
721	11
722	19
723	20
724	9
725	16
726	16
727	10
728	16
729	12
730	19
731	22
732	21
733	17
734	11
735	17
736	20
737	7
738	12
739	23
740	14
741	13
742	20
743	10
744	16
745	14
746	10
747	16
748	10
749	14
750	18
751	15
752	16
753	15
754	14
755	12
756	13
757	15
758	14
759	19
760	6
761	19
762	20
763	17
764	15
765	12
766	20
767	20
768	7
769	15
770	19
771	17
772	17
773	12
774	13
775	14
776	19
777	16
778	11
779	11
780	17
781	12
782	14
783	11
784	12
785	15
786	12
787	18
788	12
789	19
790	16
791	8
792	17
793	24
794	12
795	12
796	14
797	12
798	17
799	21
800	17
801	19
802	14
803	12
804	19
805	12
806	12
807	15
808	22
809	14
810	11
811	18
812	17
813	12
814	11
815	17
816	14
817	12
818	12
819	8
820	4
821	10
822	11
823	19
824	14
825	12
826	16
827	22
828	13
829	12
830	15
831	15
832	16
833	13
834	21
835	13
836	18
837	18
838	18
839	8
840	21
841	20
842	19
843	12
844	17
845	11
846	15
847	12
848	13
849	9
850	11
851	18
852	13
853	14
854	10
855	12
856	9
857	16
858	8
859	15
860	7
861	24
862	16
863	12
864	9
865	23
866	9
867	16
868	12
869	16
870	13
871	16
872	15
873	20
874	13
875	16
876	21
877	10
878	16
879	21
880	14
881	24
882	13
883	8
884	13
885	16
886	19
887	14
888	12
889	18
890	11
891	12
892	15
893	15
894	11
895	20
896	11
897	16
898	23
899	14
900	15
901	15
902	15
903	10
904	12
905	16
906	17
907	15
908	8
909	26
910	12
911	6
912	19
913	9
914	12
915	15
916	12
917	13
918	10
919	14
920	13
921	18
922	13
923	10
924	13
925	14
926	10
927	12
928	9
929	17
930	19
931	13
932	17
933	17
934	12
935	12
936	9
937	19
938	12
939	14
940	17
941	19
942	10
943	8
944	14
945	16
946	22
947	13
948	19
949	16
950	16
951	15
952	7
953	15
954	19
955	15
956	12
957	15
958	13
959	18
960	15
961	21
962	18
963	5
964	22
965	11
966	16
967	13
968	10
969	13
970	14
971	18
972	18
973	10
974	16
975	21
976	15
977	19
978	18
979	10
980	18
981	11
982	11
983	12
984	16
985	15
986	14
987	13
988	17
989	14
990	13
991	20
992	11
993	15
994	12
995	15
996	17
997	15
998	18
999	14
1000	12
1001	14
1002	12
1003	18
1004	13
1005	16
1006	24
1007	15
1008	11
1009	11
1010	10
1011	23
1012	15
1013	16
1014	18
1015	14
1016	18
1017	16
1018	12
1019	14
1020	16
1021	20
1022	14
1023	15
1024	10
1025	20
1026	16
1027	19
1028	9
1029	12
1030	8
1031	12
1032	8
1033	17
1034	17
1035	14
1036	17
1037	13
1038	17
1039	13
1040	14
1041	12
1042	16
1043	17
1044	13
1045	17
1046	18
1047	13
1048	15
1049	23
1050	9
1051	16
1052	9
1053	13
1054	19
1055	24
1056	6
1057	10
1058	17
1059	15
1060	12
1061	10
1062	18
1063	21
1064	13
1065	29
1066	10
1067	16
1068	19
1069	14
1070	10
1071	11
1072	18
1073	13
1074	19
1075	20
1076	17
1077	11
1078	18
1079	12
1080	17
1081	12
1082	10
1083	16
1084	13
1085	10
1086	10
1087	25
1088	10
1089	22
1090	15
1091	15
1092	15
1093	17
1094	18
1095	22
1096	18
1097	14
1098	9
1099	13
1100	18
1101	16
1102	13
1103	17
1104	8
1105	7
1106	19
1107	23
1108	20
1109	16
1110	17
1111	11
1112	12
1113	20
1114	7
1115	21
1116	16
1117	14
1118	8
1119	21
1120	17
1121	11
1122	10
1123	10
1124	13
1125	9
1126	15
1127	11
1128	11
1129	19
1130	6
1131	11
1132	16
1133	9
1134	13
1135	16
1136	9
1137	12
1138	12
1139	10
1140	12
1141	8
1142	10
1143	8
1144	7
1145	12
1146	7
1147	7
1148	11
1149	14
1150	11
1151	8
1152	5
1153	9
1154	8
1155	12
1156	8
1157	5
1158	5
1159	10
1160	2
1161	8
1162	9
1163	9
1164	6
1165	4
1166	7
1167	5
1168	8
1169	8
1170	6
1171	4
1172	9
1173	1
1174	8
1175	5
1176	4
1177	7
1178	2
1179	7
1180	4
1181	6
1182	5
1183	5
1184	1
1185	6
1186	7
1187	6
1188	15
1189	8
1190	9
1191	8
1192	6
1193	8
1194	5
1195	9
1196	3
1197	3
1198	4
1199	5
1200	6
1201	5
1202	5
1203	9
1204	8
1205	5
1206	6
1207	7
1208	5
1209	7
1210	2
1211	2
1212	0
1213	4
1214	1
1215	2
1216	2
1217	5
1218	3
1219	6
1220	5
1221	6
1222	5
1223	7
1224	2
1225	6
1226	4
1227	7
1228	6
1229	7
1230	3
1231	5
1232	4
1233	2
1234	1
1235	6
1236	5
1237	2
1238	5
1239	2
1240	5
1241	6
1242	2
1243	2
1244	2
1245	2
1246	3
1247	2
1248	4
1249	7
1250	2
1251	2
1252	3
1253	2
1254	7
1255	3
1256	3
1257	3
1258	5
1259	2
1260	2
1261	4
1262	0
1263	5
1264	3
1265	4
1266	3
1267	4
1268	2
1269	2
1270	1
1271	4
1272	2
1273	3
1274	6
1275	4
1276	2
1277	1
1278	5
1279	4
1280	0
1281	1
1282	2
1283	2
1284	1
1285	2
1286	1
1287	2
1288	3
1289	4
1290	1
1291	4
1292	2
1293	3
1294	1
1295	4
1296	0
1297	2
1298	3
1299	2
1300	2
1301	1
1302	4
1303	0
1304	1
1305	5
1306	1
1307	1
1308	1
1309	4
1310	5
1311	1
1312	0
1313	1
1314	2
1315	1
1316	4
1317	4
1318	3
1319	2
1320	2
1321	0
1322	1
1323	2
1324	3
1325	0
1326	3
1327	2
1328	1
1329	0
1330	2
1331	3
1332	2
1333	3
1334	5
1335	0
1336	1
1337	4
1338	3
1339	1
1340	2
1341	4
1342	2
1343	0
1344	1
1345	1
1346	2
1347	4
1348	1
1349	2
1350	1
1351	1
1352	0
1353	3
1354	3
1355	1
1356	1
1357	1
1358	2
1359	2
1360	0
1361	1
1362	1
1363	0
1364	1
1365	1
1366	1
1367	2
1368	2
1369	1
1370	0
1371	1
1372	1
1373	2
1374	0
1375	0
1376	1
1377	2
1378	2
1379	2
1380	2
1381	1
1382	1
1383	2
1384	0
1385	1
1386	0
1387	2
1388	3
1389	2
1390	1
1391	1
1392	2
1393	0
1394	3
1395	2
1396	0
1397	1
1398	0
1399	1
1400	2
1401	1
1402	1
1403	4
1404	1
1405	1
1406	2
1407	1
1408	2
1409	1
1410	0
1411	1
1412	0
1413	0
1414	1
1415	1
1416	3
1417	2
1418	4
1419	1
1420	1
1421	4
1422	1
1423	1
1424	1
1425	3
1426	8
1427	2
1428	2
1429	3
1430	4
1431	5
1432	7
1433	2
1434	4
1435	6
1436	2
1437	4
1438	4
1439	3
1440	5
1441	5
1442	9
1443	9
1444	5
1445	8
1446	7
1447	9
1448	5
1449	13
1450	8
1451	7
1452	8
1453	17
1454	13
1455	6
1456	12
1457	6
1458	12
1459	10
1460	13
1461	11
1462	22
1463	13
1464	18
1465	19
1466	25
1467	20
1468	15
1469	32
1470	9
1471	23
1472	21
1473	27
1474	34
1475	18
1476	34
1477	31
1478	34
1479	28
1480	20
1481	37
1482	24
1483	20
1484	37
1485	41
1486	42
1487	44
1488	28
1489	39
1490	45
1491	50
1492	53
1493	47
1494	50
1495	35
1496	52
1497	59
1498	53
1499	58
1500	57
1501	46
1502	53
1503	63
1504	48
1505	51
1506	48
1507	68
1508	86
1509	65
1510	68
1511	55
1512	56
1513	78
1514	60
1515	78
1516	82
1517	73
1518	56
1519	71
1520	59
1521	78
1522	61
1523	75
1524	67
1525	55
1526	68
1527	53
1528	76
1529	67
1530	59
1531	72
1532	66
1533	58
1534	62
1535	77
1536	55
1537	71
1538	62
1539	66
1540	73
1541	54
1542	87
1543	56
1544	50
1545	69
1546	54
1547	57
1548	69
1549	74
1550	61
1551	60
1552	43
1553	41
1554	54
1555	57
1556	57
1557	47
1558	56
1559	40
1560	45
1561	57
1562	36
1563	31
1564	38
1565	46
1566	35
1567	40
1568	28
1569	37
1570	33
1571	29
1572	27
1573	19
1574	28
1575	24
1576	20
1577	39
1578	24
1579	24
1580	22
1581	25
1582	16
1583	19
1584	11
1585	14
1586	23
1587	22
1588	13
1589	9
1590	18
1591	8
1592	7
1593	10
1594	10
1595	10
1596	10
1597	8
1598	9
1599	3
1600	6
1601	6
1602	5
1603	5
1604	7
1605	3
1606	5
1607	2
1608	6
1609	5
1610	3
1611	2
1612	1
1613	2
1614	1
1615	3
1616	2
1617	0
1618	4
1619	6
1620	2
1621	0
1622	1
1623	1
1624	5
1625	3
1626	2
1627	2
1628	0
1629	1
1630	0
1631	3
1632	2
1633	2
1634	0
1635	1
1636	0
1637	0
1638	0
1639	0
1640	0
1641	1
1642	1
1643	0
1644	0
1645	0
1646	1
1647	0
1648	0
1649	0
1650	0
1651	0
1652	0
1653	0
1654	1
1655	1
1656	0
1657	0
1658	0
1659	0
1660	0
1661	0
1662	0
1663	1
1664	1
1665	1
1666	1
1667	0
1668	0
1669	0
1670	0
1671	1
1672	0
1673	0
1674	0
1675	1
1676	1
1677	0
1678	1
1679	0
1680	0
1681	1
1682	1
1683	0
1684	1
1685	1
1686	1
1687	0
1688	1
1689	1
1690	0
1691	0
1692	0
1693	0
1694	0
1695	0
1696	0
1697	0
1698	0
1699	1
1700	1
1701	0
1702	2
1703	0
1704	0
1705	0
1706	1
1707	0
1708	0
1709	0
1710	0
1711	1
1712	0
1713	1
1714	1
1715	0
1716	0
1717	0
1718	0
1719	0
1720	1
1721	0
1722	0
1723	0
1724	0
1725	0
1726	0
1727	0
1728	0
1729	1
1730	0
1731	0
1732	0
1733	0
1734	1
1735	0
1736	0
1737	0
1738	1
1739	0
1740	0
1741	1
1742	0
1743	0
1744	0
1745	0
1746	1
1747	0
1748	0
1749	0
1750	0
1751	0
1752	0
1753	1
1754	1
1755	0
1756	0
1757	1
1758	1
1759	0
1760	1
1761	0
1762	0
1763	1
1764	1
1765	2
1766	0
1767	0
1768	0
1769	0
1770	0
1771	0
1772	0
1773	0
1774	1
1775	0
1776	0
1777	0
1778	1
1779	0
1780	0
1781	0
1782	0
1783	1
1784	0
1785	0
1786	0
1787	0
1788	0
1789	1
1790	0
1791	2
1792	1
1793	0
1794	1
1795	0
1796	0
1797	0
1798	2
1799	0
1800	1
1801	0
1802	0
1803	0
1804	1
1805	0
1806	1
1807	0
1808	0
1809	0
1810	0
1811	0
1812	0
1813	1
1814	0
1815	0
1816	0
1817	1
1818	1
1819	1
1820	0
1821	0
1822	0
1823	0
1824	1
1825	0
1826	0
1827	0
1828	0
1829	0
1830	0
1831	0
1832	1
1833	0
1834	0
1835	0
1836	0
1837	0
1838	1
1839	0
1840	0
1841	0
1842	1
1843	0
1844	0
1845	0
1846	1
1847	0
1848	2
1849	0
1850	0
1851	0
1852	0
1853	0
1854	0
1855	0
1856	0
1857	0
1858	1
1859	0
1860	2
1861	1
1862	0
1863	0
1864	0
1865	0
1866	0
1867	1
1868	0
1869	0
1870	0
1871	0
1872	0
1873	0
1874	1
1875	0
1876	0
1877	1
1878	0
1879	0
1880	1
1881	0
1882	0
1883	0
1884	0
1885	0
1886	0
1887	0
1888	0
1889	2
1890	0
1891	2
1892	0
1893	0
1894	1
1895	1
1896	1
1897	1
1898	1
1899	0
1900	1
1901	0
1902	0
1903	1
1904	0
1905	2
1906	0
1907	0
1908	0
1909	0
1910	0
1911	0
1912	0
1913	1
1914	0
1915	0
1916	0
1917	0
1918	0
1919	0
1920	0
1921	0
1922	1
1923	0
1924	0
1925	0
1926	0
1927	0
1928	0
1929	0
1930	0
1931	0
1932	1
1933	0
1934	2
1935	1
1936	0
1937	0
1938	0
1939	1
1940	1
1941	0
1942	0
1943	1
1944	0
1945	0
1946	0
1947	0
1948	0
1949	0
1950	1
1951	0
1952	0
1953	1
1954	0
1955	0
1956	0
1957	0
1958	0
1959	0
1960	0
1961	0
1962	0
1963	0
1964	0
1965	0
1966	0
1967	0
1968	0
1969	0
1970	0
1971	0
1972	0
1973	0
1974	0
1975	1
1976	0
1977	0
1978	0
1979	0
1980	0
1981	1
1982	0
1983	0
1984	1
1985	0
1986	0
1987	0
1988	0
1989	0
1990	0
1991	1
1992	0
1993	0
1994	1
1995	0
1996	0
1997	0
1998	0
1999	0
2000	1
2001	0
2002	0
2003	0
2004	0
2005	0
2006	2
2007	0
2008	0
2009	0
2010	0
2011	0
2012	0
2013	0
2014	0
2015	1
2016	0
2017	0
2018	0
2019	0
2020	0
2021	1
2022	1
2023	0
2024	1
2025	0
2026	0
2027	0
2028	1
2029	1
2030	0
2031	0
2032	0
2033	0
2034	0
2035	3
2036	1
2037	1
2038	0
2039	1
2040	0
2041	0
2042	0
2043	1
2044	0
2045	0
2046	0
2047	1
2048	0
2049	1
2050	1
2051	0
2052	0
2053	0
2054	0
2055	0
2056	0
2057	0
2058	0
2059	0
2060	1
2061	0
2062	0
2063	0
2064	1
2065	0
2066	2
2067	0
2068	0
2069	1
2070	1
2071	0
2072	0
2073	0
2074	0
2075	1
2076	1
2077	0
2078	1
2079	0
2080	1
2081	0
2082	0
2083	0
2084	0
2085	0
2086	0
2087	1
2088	1
2089	1
2090	0
2091	0
2092	0
2093	0
2094	0
2095	1
2096	0
2097	0
2098	0
2099	0
2100	0
2101	1
2102	0
2103	0
2104	0
2105	1
2106	1
2107	1
2108	0
2109	0
2110	0
2111	0
2112	0
2113	0
2114	0
2115	0
2116	0
2117	0
2118	0
2119	0
2120	0
2121	0
2122	0
2123	0
2124	0
2125	0
2126	0
2127	0
2128	0
2129	0
2130	1
2131	1
2132	2
2133	0
2134	0
2135	0
2136	0
2137	0
2138	0
2139	0
2140	0
2141	0
2142	0
2143	0
2144	0
2145	0
2146	0
2147	0
2148	0
2149	0
2150	0
2151	2
2152	0
2153	0
2154	0
2155	0
2156	0
2157	0
2158	0
2159	0
2160	0
2161	0
2162	0
2163	0
2164	0
2165	1
2166	0
2167	0
2168	0
2169	0
2170	0
2171	1
2172	0
2173	0
2174	0
2175	0
2176	1
2177	0
2178	0
2179	0
2180	0
2181	1
2182	1
2183	0
2184	0
2185	0
2186	0
2187	0
2188	0
2189	0
2190	0
2191	1
2192	0
2193	0
2194	0
2195	0
2196	0
2197	0
2198	0
2199	1
2200	0
2201	0
2202	0
2203	0
2204	1
2205	0
2206	1
2207	0
2208	1
2209	0
2210	0
2211	0
2212	0
2213	0
2214	0
2215	1
2216	0
2217	0
2218	0
2219	0
2220	0
2221	0
2222	0
2223	0
2224	0
2225	0
2226	0
2227	2
2228	1
2229	0
2230	0
2231	0
2232	0
2233	1
2234	0
2235	0
2236	0
2237	2
2238	1
2239	0
2240	0
2241	0
2242	0
2243	0
2244	0
2245	0
2246	0
2247	0
2248	0
2249	0
2250	0
2251	0
2252	0
2253	0
2254	0
2255	0
2256	0
2257	0
2258	0
2259	0
2260	1
2261	1
2262	0
2263	0
2264	0
2265	1
2266	0
2267	0
2268	1
2269	0
2270	0
2271	0
2272	0
2273	0
2274	1
2275	0
2276	0
2277	0
2278	0
2279	0
2280	0
2281	0
2282	0
2283	0
2284	0
2285	0
2286	0
2287	0
2288	0
2289	0
2290	0
2291	0
2292	0
2293	0
2294	0
2295	0
2296	1
2297	0
2298	1
2299	0
2300	0
2301	1
2302	1
2303	0
2304	0
2305	0
2306	0
2307	0
2308	0
2309	0
2310	0
2311	0
2312	0
2313	0
2314	0
2315	1
2316	0
2317	0
2318	0
2319	0
2320	0
2321	0
2322	0
2323	0
2324	0
2325	0
2326	1
2327	0
2328	0
2329	0
2330	0
2331	0
2332	0
2333	0
2334	0
2335	0
2336	0
2337	0
2338	0
2339	0
2340	0
2341	0
2342	0
2343	0
2344	0
2345	1
2346	0
2347	0
2348	0
2349	0
2350	0
2351	0
2352	0
2353	1
2354	0
2355	0
2356	0
2357	0
2358	1
2359	1
2360	0
2361	0
2362	0
2363	0
2364	0
2365	0
2366	0
2367	0
2368	0
2369	0
2370	0
2371	0
2372	0
2373	0
2374	0
2375	0
2376	0
2377	0
2378	0
2379	0
2380	0
2381	0
2382	1
2383	0
2384	0
2385	0
2386	0
2387	0
2388	0
2389	0
2390	0
2391	0
2392	0
2393	0
2394	0
2395	0
2396	0
2397	0
2398	0
2399	0
2400	0
2401	0
2402	0
2403	0
2404	0
2405	0
2406	0
2407	0
2408	0
2409	0
2410	0
2411	1
2412	0
2413	0
2414	0
2415	0
2416	0
2417	0
2418	0
2419	0
2420	0
2421	0
2422	0
2423	0
2424	0
2425	0
2426	0
2427	0
2428	0
2429	0
2430	0
2431	0
2432	0
2433	0
2434	0
2435	0
2436	0
2437	1
2438	0
2439	0
2440	0
2441	0
2442	0
2443	0
2444	1
2445	0
2446	0
2447	0
2448	0
2449	0
2450	0
2451	0
2452	0
2453	0
2454	0
2455	1
2456	0
2457	0
2458	0
2459	0
2460	0
2461	0
2462	0
2463	0
2464	0
2465	0
2466	0
2467	0
2468	0
2469	0
2470	0
2471	0
2472	0
2473	0
2474	0
2475	0
2476	1
2477	0
2478	0
2479	0
2480	1
2481	0
2482	0
2483	0
2484	1
2485	1
2486	0
2487	0
2488	0
2489	0
2490	0
2491	0
2492	0
2493	0
2494	2
2495	0
2496	1
2497	0
2498	0
2499	0
2500	0
2501	0
2502	0
2503	0
2504	0
2505	0
2506	0
2507	0
2508	0
2509	0
2510	0
2511	0
2512	0
2513	0
2514	1
2515	1
2516	0
2517	0
2518	0
2519	0
2520	0
2521	1
2522	0
2523	0
2524	0
2525	0
2526	0
2527	0
2528	0
2529	0
2530	0
2531	0
2532	0
2533	1
2534	0
2535	0
2536	0
2537	1
2538	2
2539	0
2540	0
2541	0
2542	0
2543	0
2544	1
2545	0
2546	0
2547	0
2548	0
2549	0
2550	0
2551	0
2552	1
2553	0
2554	0
2555	0
2556	0
2557	0
2558	0
2559	1
2560	1
2561	0
2562	0
2563	1
2564	1
2565	0
2566	0
2567	0
2568	0
2569	1
2570	0
2571	0
2572	0
2573	0
2574	1
2575	0
2576	1
2577	0
2578	0
2579	0
2580	0
2581	0
2582	0
2583	1
2584	0
2585	0
2586	0
2587	0
2588	0
2589	0
2590	0
2591	1
2592	0
2593	1
2594	0
2595	1
2596	1
2597	0
2598	0
2599	0
2600	0
2601	0
2602	2
2603	0
2604	1
2605	0
2606	1
2607	0
2608	0
2609	0
2610	0
2611	1
2612	1
2613	2
2614	1
2615	1
2616	0
2617	1
2618	0
2619	0
2620	0
2621	0
2622	0
2623	0
2624	1
2625	0
2626	0
2627	0
2628	0
2629	0
2630	2
2631	0
2632	0
2633	0
2634	0
2635	1
2636	0
2637	0
2638	0
2639	1
2640	0
2641	0
2642	0
2643	0
2644	0
2645	0
2646	0
2647	0
2648	0
2649	0
2650	1
2651	0
2652	0
2653	0
2654	1
2655	2
2656	1
2657	0
2658	0
2659	0
2660	0
2661	0
2662	0
2663	0
2664	0
2665	0
2666	0
2667	1
2668	1
2669	0
2670	0
2671	0
2672	1
2673	2
2674	0
2675	0
2676	1
2677	0
2678	2
2679	1
2680	1
2681	0
2682	0
2683	0
2684	0
2685	0
2686	0
2687	0
2688	0
2689	0
2690	0
2691	0
2692	0
2693	0
2694	0
2695	0
2696	0
2697	0
2698	0
2699	0
2700	0
2701	0
2702	1
2703	0
2704	0
2705	0
2706	0
2707	0
2708	1
2709	0
2710	0
2711	0
2712	0
2713	0
2714	1
2715	0
2716	0
2717	0
2718	0
2719	0
2720	0
2721	0
2722	0
2723	0
2724	0
2725	0
2726	0
2727	0
2728	1
2729	0
2730	0
2731	0
2732	0
2733	0
2734	0
2735	0
2736	0
2737	0
2738	0
2739	0
2740	0
2741	0
2742	0
2743	0
2744	0
2745	0
2746	0
2747	0
2748	0
2749	0
2750	0
2751	0
2752	1
2753	0
2754	0
2755	0
2756	0
2757	0
2758	0
2759	0
2760	0
2761	0
2762	0
2763	1
2764	0
2765	0
2766	0
2767	0
2768	0
2769	0
2770	0
2771	0
2772	0
2773	0
2774	0
2775	0
2776	0
2777	1
2778	0
2779	0
2780	0
2781	0
2782	0
2783	0
2784	0
2785	1
2786	0
2787	0
2788	0
2789	0
2790	0
2791	0
2792	0
2793	0
2794	0
2795	0
2796	1
2797	0
2798	0
2799	0
2800	0
2801	0
2802	0
2803	2
2804	0
2805	1
2806	0
2807	0
2808	0
2809	0
2810	0
2811	0
2812	0
2813	0
2814	0
2815	0
2816	0
2817	0
2818	0
2819	0
2820	0
2821	0
2822	0
2823	0
2824	0
2825	0
2826	0
2827	0
2828	0
2829	0
2830	0
2831	0
2832	0
2833	0
2834	0
2835	0
2836	0
2837	0
2838	0
2839	0
2840	0
2841	1
2842	0
2843	0
2844	0
2845	0
2846	0
2847	0
2848	0
2849	0
2850	0
2851	0
2852	0
2853	1
2854	0
2855	0
2856	0
2857	0
2858	0
2859	0
2860	0
2861	0
2862	0
2863	0
2864	0
2865	0
2866	0
2867	0
2868	0
2869	0
2870	0
2871	0
2872	0
2873	1
2874	0
2875	0
2876	0
2877	0
2878	0
2879	0
2880	0
2881	0
2882	0
2883	0
2884	0
2885	0
2886	0
2887	0
2888	0
2889	0
2890	0
2891	0
2892	0
2893	0
2894	0
2895	0
2896	0
2897	0
2898	0
2899	0
2900	0
2901	0
2902	0
2903	0
2904	0
2905	0
2906	0
2907	0
2908	0
2909	0
2910	0
2911	0
2912	0
2913	0
2914	0
2915	0
2916	0
2917	0
2918	0
2919	0
2920	0
2921	0
2922	0
2923	0
2924	0
2925	0
2926	0
2927	0
2928	0
2929	0
2930	0
2931	0
2932	0
2933	0
2934	0
2935	0
2936	0
2937	0
2938	0
2939	0
2940	0
2941	0
2942	0
2943	0
2944	0
2945	0
2946	0
2947	0
2948	0
2949	0
2950	0
2951	0
2952	1
2953	0
2954	1
2955	1
2956	0
2957	0
2958	0
2959	0
2960	0
2961	0
2962	0
2963	0
2964	0
2965	0
2966	0
2967	0
2968	0
2969	0
2970	1
2971	0
2972	0
2973	1
2974	0
2975	1
2976	0
2977	0
2978	1
2979	0
2980	0
2981	0
2982	0
2983	0
2984	0
2985	0
2986	0
2987	0
2988	1
2989	0
2990	0
2991	1
2992	0
2993	0
2994	0
2995	0
2996	0
2997	0
2998	0
2999	0
3000	0
3001	0
3002	0
3003	0
3004	0
3005	0
3006	0
3007	0
3008	0
3009	0
3010	0
3011	0
3012	0
3013	0
3014	0
3015	0
3016	0
3017	0
3018	0
3019	0
3020	0
3021	0
3022	0
3023	0
3024	0
3025	0
3026	0
3027	0
3028	0
3029	0
3030	0
3031	0
3032	0
3033	0
3034	0
3035	0
3036	0
3037	0
3038	0
3039	0
3040	0
3041	0
3042	0
3043	0
3044	0
3045	0
3046	0
3047	1
3048	0
3049	1
3050	0
3051	0
3052	0
3053	0
3054	0
3055	0
3056	0
3057	0
3058	0
3059	0
3060	0
3061	0
3062	0
3063	0
3064	0
3065	0
3066	0
3067	0
3068	0
3069	0
3070	0
3071	0
3072	0
3073	0
3074	0
3075	0
3076	0
3077	0
3078	0
3079	0
3080	0
3081	0
3082	0
3083	0
3084	0
3085	0
3086	0
3087	0
3088	0
3089	0
3090	0
3091	0
3092	0
3093	0
3094	0
3095	0
3096	0
3097	0
3098	0
3099	0
3100	0
3101	0
3102	0
3103	0
3104	0
3105	0
3106	0
3107	0
3108	0
3109	0
3110	0
3111	0
3112	0
3113	1
3114	0
3115	0
3116	0
3117	1
3118	0
3119	0
3120	0
3121	0
3122	0
3123	1
3124	0
3125	0
3126	0
3127	0
3128	0
3129	0
3130	0
3131	0
3132	1
3133	2
3134	0
3135	1
3136	0
3137	0
3138	0
3139	0
3140	0
3141	0
3142	0
3143	0
3144	0
3145	0
3146	2
3147	0
3148	0
3149	0
3150	0
3151	0
3152	0
3153	1
3154	0
3155	0
3156	0
3157	0
3158	0
3159	0
3160	0
3161	0
3162	0
3163	0
3164	0
3165	0
3166	0
3167	0
3168	0
3169	0
3170	0
3171	0
3172	0
3173	0
3174	0
3175	0
3176	0
3177	0
3178	0
3179	0
3180	0
3181	0
3182	0
3183	0
3184	0
3185	0
3186	0
3187	0
3188	1
3189	0
3190	0
3191	0
3192	0
3193	0
3194	0
3195	0
3196	0
3197	0
3198	0
3199	0
3200	0
3201	0
3202	0
3203	0
3204	0
3205	0
3206	0
3207	0
3208	0
3209	0
3210	0
3211	0
3212	0
3213	0
3214	0
3215	0
3216	0
3217	0
3218	0
3219	0
3220	0
3221	0
3222	0
3223	0
3224	0
3225	0
3226	0
3227	0
3228	0
3229	0
3230	0
3231	0
3232	0
3233	0
3234	1
3235	0
3236	0
3237	0
3238	0
3239	0
3240	0
3241	0
3242	0
3243	1
3244	0
3245	0
3246	0
3247	0
3248	0
3249	0
3250	0
3251	0
3252	0
3253	0
3254	0
3255	0
3256	0
3257	0
3258	0
3259	0
3260	0
3261	0
3262	0
3263	0
3264	0
3265	0
3266	0
3267	0
3268	0
3269	0
3270	1
3271	0
3272	0
3273	0
3274	0
3275	0
3276	0
3277	0
3278	0
3279	0
3280	0
3281	0
3282	0
3283	0
3284	0
3285	0
3286	0
3287	0
3288	0
3289	0
3290	0
3291	0
3292	0
3293	0
3294	0
3295	0
3296	0
3297	0
3298	0
3299	0
3300	0
3301	0
3302	0
3303	0
3304	2
3305	0
3306	0
3307	0
3308	0
3309	0
3310	0
3311	0
3312	0
3313	0
3314	0
3315	0
3316	0
3317	1
3318	0
3319	0
3320	0
3321	0
3322	0
3323	0
3324	0
3325	0
3326	0
3327	0
3328	0
3329	0
3330	0
3331	0
3332	0
3333	0
3334	0
3335	0
3336	0
3337	0
3338	0
3339	1
3340	0
3341	0
3342	0
3343	0
3344	0
3345	0
3346	0
3347	0
3348	0
3349	0
3350	0
3351	0
3352	0
3353	0
3354	0
3355	0
3356	0
3357	0
3358	0
3359	0
3360	0
3361	0
3362	0
3363	0
3364	0
3365	0
3366	0
3367	0
3368	0
3369	0
3370	0
3371	0
3372	0
3373	0
3374	1
3375	0
3376	0
3377	0
3378	0
3379	0
3380	0
3381	0
3382	0
3383	0
3384	0
3385	0
3386	0
3387	0
3388	0
3389	0
3390	0
3391	0
3392	0
3393	0
3394	1
3395	0
3396	0
3397	0
3398	0
3399	0
3400	0
3401	0
3402	0
3403	0
3404	0
3405	0
3406	0
3407	0
3408	0
3409	0
3410	0
3411	0
3412	0
3413	0
3414	0
3415	0
3416	0
3417	1
3418	0
3419	0
3420	0
3421	0
3422	0
3423	0
3424	0
3425	0
3426	0
3427	0
3428	0
3429	0
3430	0
3431	0
3432	0
3433	0
3434	0
3435	0
3436	0
3437	0
3438	0
3439	0
3440	0
3441	0
3442	0
3443	0
3444	0
3445	0
3446	0
3447	0
3448	0
3449	0
3450	0
3451	0
3452	0
3453	0
3454	0
3455	0
3456	0
3457	0
3458	0
3459	0
3460	0
3461	0
3462	0
3463	0
3464	0
3465	0
3466	0
3467	0
3468	0
3469	0
3470	0
3471	0
3472	0
3473	0
3474	0
3475	0
3476	0
3477	0
3478	0
3479	0
3480	0
3481	0
3482	0
3483	0
3484	0
3485	0
3486	0
3487	0
3488	0
3489	0
3490	0
3491	0
3492	0
3493	0
3494	0
3495	0
3496	0
3497	0
3498	0
3499	0
3500	0
3501	0
3502	0
3503	0
3504	0
3505	0
3506	0
3507	0
3508	0
3509	0
3510	0
3511	0
3512	0
3513	0
3514	0
3515	0
3516	0
3517	0
3518	0
3519	0
3520	0
3521	0
3522	0
3523	0
3524	0
3525	0
3526	0
3527	0
3528	0
3529	0
3530	0
3531	0
3532	0
3533	0
3534	0
3535	0
3536	0
3537	0
3538	0
3539	0
3540	0
3541	0
3542	0
3543	0
3544	1
3545	0
3546	0
3547	0
3548	0
3549	0
3550	0
3551	0
3552	0
3553	0
3554	0
3555	0
3556	0
3557	0
3558	0
3559	0
3560	0
3561	2
3562	0
3563	0
3564	0
3565	0
3566	0
3567	0
3568	0
3569	0
3570	0
3571	0
3572	0
3573	0
3574	0
3575	0
3576	0
3577	0
3578	0
3579	0
3580	0
3581	0
3582	0
3583	0
3584	0
3585	0
3586	0
3587	0
3588	0
3589	0
3590	0
3591	0
3592	0
3593	0
3594	0
3595	0
3596	0
3597	0
3598	0
3599	0
3600	0
3601	0
3602	0
3603	0
3604	0
3605	0
3606	0
3607	0
3608	0
3609	0
3610	0
3611	0
3612	0
3613	0
3614	0
3615	0
3616	0
3617	0
3618	0
3619	0
3620	0
3621	0
3622	0
3623	0
3624	0
3625	0
3626	0
3627	0
3628	0
3629	0
3630	0
3631	0
3632	0
3633	0
3634	0
3635	0
3636	0
3637	0
3638	0
3639	0
3640	0
3641	0
3642	0
3643	0
3644	0
3645	0
3646	0
3647	0
3648	0
3649	0
3650	0
3651	1
3652	0
3653	0
3654	0
3655	0
3656	0
3657	0
3658	0
3659	0
3660	0
3661	0
3662	0
3663	0
3664	0
3665	0
3666	0
3667	0
3668	0
3669	0
3670	0
3671	0
3672	0
3673	0
3674	0
3675	0
3676	0
3677	0
3678	0
3679	0
3680	0
3681	0
3682	0
3683	0
3684	0
3685	0
3686	0
3687	0
3688	0
3689	0
3690	0
3691	0
3692	0
3693	0
3694	0
3695	0
3696	0
3697	0
3698	0
3699	0
3700	0
3701	0
3702	0
3703	0
3704	0
3705	0
3706	0
3707	0
3708	0
3709	0
3710	0
3711	0
3712	0
3713	0
3714	0
3715	0
3716	0
3717	0
3718	0
3719	0
3720	0
3721	0
3722	1
3723	0
3724	0
3725	0
3726	0
3727	1
3728	0
3729	0
3730	0
3731	0
3732	0
3733	0
3734	0
3735	0
3736	0
3737	0
3738	0
3739	0
3740	0
3741	0
3742	0
3743	0
3744	0
3745	0
3746	1
3747	0
3748	0
3749	0
3750	0
3751	0
3752	0
3753	0
3754	0
3755	0
3756	0
3757	0
3758	0
3759	0
3760	0
3761	0
3762	0
3763	0
3764	0
3765	0
3766	0
3767	0
3768	0
3769	0
3770	0
3771	0
3772	1
3773	0
3774	0
3775	0
3776	0
3777	0
3778	0
3779	0
3780	0
3781	0
3782	0
3783	0
3784	0
3785	0
3786	0
3787	0
3788	0
3789	0
3790	0
3791	0
3792	0
3793	0
3794	0
3795	0
3796	0
3797	0
3798	0
3799	0
3800	1
3801	0
3802	0
3803	0
3804	0
3805	0
3806	0
3807	0
3808	0
3809	0
3810	0
3811	0
3812	0
3813	0
3814	0
3815	0
3816	0
3817	0
3818	0
3819	0
3820	0
3821	0
3822	0
3823	0
3824	0
3825	0
3826	0
3827	0
3828	0
3829	0
3830	0
3831	0
3832	0
3833	0
3834	0
3835	1
3836	0
3837	0
3838	0
3839	0
3840	0
3841	0
3842	0
3843	0
3844	0
3845	0
3846	0
3847	0
3848	0
3849	0
3850	0
3851	0
3852	0
3853	0
3854	0
3855	0
3856	0
3857	0
3858	0
3859	0
3860	0
3861	0
3862	0
3863	0
3864	0
3865	0
3866	0
3867	0
3868	0
3869	0
3870	0
3871	0
3872	0
3873	0
3874	0
3875	0
3876	0
3877	0
3878	0
3879	0
3880	0
3881	0
3882	0
3883	0
3884	0
3885	0
3886	0
3887	0
3888	0
3889	0
3890	0
3891	0
3892	0
3893	0
3894	0
3895	0
3896	0
3897	0
3898	0
3899	0
3900	0
3901	0
3902	0
3903	0
3904	0
3905	0
3906	0
3907	0
3908	0
3909	0
3910	0
3911	0
3912	0
3913	0
3914	0
3915	0
3916	0
3917	0
3918	0
3919	0
3920	0
3921	0
3922	0
3923	0
3924	0
3925	0
3926	0
3927	0
3928	0
3929	0
3930	0
3931	0
3932	0
3933	0
3934	0
3935	0
3936	0
3937	0
3938	0
3939	0
3940	0
3941	0
3942	0
3943	0
3944	0
3945	0
3946	0
3947	0
3948	0
3949	0
3950	0
3951	0
3952	0
3953	0
3954	0
3955	0
3956	0
3957	0
3958	0
3959	0
3960	0
3961	0
3962	0
3963	0
3964	0
3965	0
3966	0
3967	0
3968	0
3969	0
3970	0
3971	0
3972	0
3973	0
3974	0
3975	0
3976	0
3977	0
3978	0
3979	0
3980	0
3981	0
3982	0
3983	0
3984	0
3985	0
3986	0
3987	0
3988	0
3989	0
3990	0
3991	0
3992	0
3993	0
3994	0
3995	0
3996	0
3997	0
3998	0
3999	0
4000	0
