Channel number	Impulses
Channel/#	Impulses/#

0	0
1	0
2	0
3	0
4	0
5	0
6	0
7	1
8	0
9	0
10	0
11	1
12	0
13	0
14	0
15	1
16	0
17	0
18	0
19	0
20	0
21	0
22	0
23	0
24	0
25	0
26	0
27	0
28	0
29	0
30	0
31	0
32	0
33	1
34	0
35	0
36	1
37	0
38	0
39	1
40	0
41	2
42	0
43	0
44	0
45	0
46	1
47	18
48	47
49	164
50	191
51	272
52	227
53	221
54	263
55	283
56	179
57	292
58	222
59	316
60	223
61	297
62	241
63	449
64	104
65	257
66	241
67	320
68	247
69	247
70	275
71	266
72	188
73	294
74	225
75	276
76	258
77	279
78	227
79	329
80	174
81	262
82	260
83	313
84	231
85	247
86	297
87	263
88	206
89	282
90	214
91	296
92	192
93	279
94	242
95	369
96	139
97	272
98	257
99	275
100	257
101	252
102	293
103	291
104	175
105	302
106	220
107	264
108	256
109	254
110	268
111	344
112	158
113	315
114	289
115	333
116	262
117	288
118	301
119	347
120	219
121	349
122	301
123	337
124	259
125	307
126	354
127	594
128	120
129	308
130	336
131	370
132	307
133	338
134	304
135	339
136	247
137	325
138	292
139	319
140	252
141	323
142	269
143	360
144	187
145	292
146	288
147	288
148	242
149	278
150	303
151	302
152	227
153	300
154	257
155	335
156	232
157	286
158	268
159	445
160	172
161	302
162	265
163	304
164	316
165	278
166	306
167	321
168	226
169	303
170	233
171	319
172	322
173	312
174	244
175	329
176	196
177	298
178	280
179	322
180	294
181	280
182	284
183	360
184	210
185	325
186	276
187	360
188	250
189	298
190	294
191	449
192	158
193	326
194	364
195	355
196	365
197	351
198	388
199	434
200	328
201	461
202	407
203	510
204	549
205	544
206	597
207	729
208	417
209	706
210	669
211	839
212	716
213	745
214	910
215	882
216	725
217	966
218	830
219	1015
220	820
221	834
222	823
223	1190
224	438
225	699
226	651
227	626
228	597
229	505
230	569
231	541
232	335
233	471
234	414
235	439
236	455
237	469
238	452
239	514
240	294
241	466
242	443
243	555
244	451
245	435
246	567
247	487
248	405
249	526
250	417
251	551
252	433
253	489
254	458
255	765
256	138
257	349
258	369
259	439
260	363
261	353
262	400
263	347
264	227
265	368
266	298
267	312
268	224
269	336
270	271
271	343
272	183
273	289
274	291
275	309
276	242
277	245
278	296
279	321
280	208
281	320
282	235
283	352
284	247
285	303
286	247
287	415
288	184
289	243
290	283
291	275
292	282
293	253
294	291
295	311
296	203
297	319
298	244
299	317
300	263
301	323
302	247
303	328
304	203
305	286
306	279
307	329
308	258
309	243
310	315
311	306
312	200
313	299
314	229
315	325
316	271
317	302
318	287
319	466
320	105
321	268
322	287
323	279
324	292
325	300
326	320
327	340
328	224
329	303
330	262
331	283
332	303
333	311
334	275
335	341
336	190
337	290
338	278
339	354
340	271
341	268
342	301
343	301
344	246
345	344
346	291
347	335
348	256
349	295
350	252
351	400
352	199
353	263
354	290
355	300
356	291
357	282
358	334
359	330
360	242
361	341
362	237
363	304
364	320
365	293
366	278
367	366
368	198
369	303
370	286
371	312
372	283
373	230
374	304
375	322
376	222
377	312
378	262
379	340
380	266
381	346
382	270
383	487
384	139
385	267
386	305
387	302
388	284
389	264
390	313
391	283
392	257
393	326
394	248
395	302
396	300
397	286
398	299
399	354
400	239
401	278
402	289
403	335
404	260
405	285
406	310
407	327
408	249
409	323
410	258
411	341
412	299
413	334
414	273
415	450
416	185
417	297
418	274
419	310
420	275
421	258
422	305
423	310
424	208
425	325
426	244
427	319
428	337
429	312
430	286
431	331
432	258
433	317
434	291
435	326
436	299
437	269
438	347
439	332
440	210
441	308
442	245
443	358
444	337
445	321
446	299
447	442
448	166
449	316
450	282
451	328
452	323
453	287
454	340
455	295
456	295
457	357
458	309
459	328
460	365
461	364
462	355
463	375
464	225
465	338
466	341
467	381
468	357
469	270
470	418
471	373
472	335
473	372
474	340
475	400
476	335
477	337
478	360
479	525
480	249
481	334
482	400
483	375
484	415
485	353
486	420
487	366
488	323
489	441
490	341
491	401
492	412
493	387
494	404
495	400
496	268
497	370
498	392
499	437
500	385
501	327
502	428
503	396
504	294
505	414
506	325
507	366
508	344
509	394
510	335
511	739
512	135
513	342
514	382
515	403
516	357
517	333
518	402
519	360
520	255
521	399
522	313
523	405
524	317
525	375
526	337
527	407
528	240
529	380
530	343
531	402
532	303
533	321
534	364
535	341
536	249
537	399
538	280
539	422
540	324
541	362
542	311
543	530
544	201
545	355
546	346
547	395
548	323
549	301
550	359
551	388
552	257
553	359
554	297
555	380
556	307
557	368
558	339
559	390
560	282
561	338
562	302
563	383
564	314
565	325
566	372
567	409
568	238
569	387
570	287
571	412
572	296
573	321
574	368
575	533
576	189
577	319
578	348
579	373
580	348
581	307
582	379
583	331
584	266
585	392
586	291
587	359
588	378
589	341
590	357
591	418
592	241
593	397
594	351
595	372
596	314
597	309
598	367
599	336
600	281
601	393
602	301
603	402
604	322
605	351
606	323
607	527
608	247
609	357
610	351
611	369
612	375
613	307
614	366
615	367
616	250
617	413
618	290
619	372
620	344
621	338
622	336
623	384
624	245
625	381
626	335
627	412
628	328
629	308
630	377
631	336
632	247
633	366
634	301
635	416
636	305
637	395
638	313
639	584
640	137
641	308
642	295
643	386
644	334
645	290
646	334
647	333
648	300
649	378
650	295
651	336
652	318
653	370
654	356
655	344
656	272
657	346
658	355
659	377
660	310
661	311
662	357
663	340
664	318
665	419
666	339
667	404
668	301
669	324
670	349
671	429
672	186
673	332
674	331
675	330
676	353
677	296
678	374
679	349
680	243
681	396
682	292
683	354
684	345
685	332
686	329
687	331
688	282
689	334
690	360
691	381
692	300
693	306
694	359
695	327
696	251
697	358
698	265
699	366
700	298
701	342
702	302
703	463
704	217
705	326
706	320
707	336
708	359
709	305
710	361
711	269
712	303
713	386
714	301
715	314
716	361
717	340
718	328
719	338
720	241
721	327
722	345
723	398
724	313
725	268
726	351
727	277
728	299
729	387
730	292
731	362
732	293
733	332
734	328
735	475
736	238
737	325
738	354
739	299
740	368
741	290
742	318
743	352
744	283
745	360
746	301
747	331
748	371
749	293
750	346
751	373
752	246
753	323
754	319
755	312
756	310
757	275
758	391
759	357
760	251
761	365
762	275
763	341
764	316
765	308
766	327
767	478
768	150
769	327
770	328
771	340
772	338
773	285
774	365
775	330
776	297
777	372
778	264
779	351
780	361
781	335
782	305
783	337
784	232
785	309
786	288
787	365
788	317
789	284
790	353
791	299
792	284
793	376
794	299
795	383
796	285
797	337
798	304
799	455
800	260
801	319
802	317
803	340
804	328
805	296
806	348
807	346
808	284
809	354
810	276
811	358
812	345
813	356
814	331
815	322
816	265
817	345
818	272
819	359
820	350
821	302
822	339
823	334
824	242
825	356
826	291
827	346
828	325
829	340
830	320
831	495
832	182
833	339
834	331
835	346
836	339
837	297
838	352
839	306
840	274
841	332
842	268
843	356
844	312
845	331
846	343
847	372
848	257
849	306
850	344
851	375
852	292
853	309
854	378
855	291
856	298
857	346
858	256
859	317
860	274
861	320
862	299
863	384
864	225
865	273
866	337
867	305
868	334
869	255
870	358
871	301
872	253
873	302
874	279
875	276
876	315
877	285
878	312
879	340
880	223
881	289
882	295
883	341
884	302
885	246
886	328
887	296
888	211
889	297
890	248
891	275
892	254
893	248
894	233
895	395
896	122
897	231
898	251
899	277
900	303
901	186
902	295
903	237
904	253
905	295
906	223
907	229
908	249
909	228
910	249
911	211
912	224
913	197
914	220
915	251
916	209
917	199
918	235
919	208
920	208
921	232
922	179
923	223
924	194
925	187
926	203
927	250
928	152
929	208
930	197
931	203
932	209
933	174
934	248
935	190
936	150
937	199
938	171
939	208
940	201
941	198
942	176
943	199
944	149
945	196
946	190
947	192
948	192
949	143
950	190
951	173
952	134
953	201
954	152
955	189
956	180
957	174
958	173
959	251
960	111
961	174
962	173
963	191
964	178
965	142
966	189
967	139
968	157
969	176
970	137
971	132
972	181
973	175
974	152
975	183
976	126
977	141
978	159
979	174
980	161
981	140
982	177
983	128
984	166
985	184
986	135
987	176
988	157
989	149
990	168
991	208
992	109
993	147
994	179
995	161
996	176
997	119
998	188
999	155
1000	132
1001	163
1002	145
1003	156
1004	169
1005	155
1006	145
1007	147
1008	122
1009	166
1010	163
1011	173
1012	148
1013	122
1014	187
1015	125
1016	133
1017	167
1018	134
1019	144
1020	148
1021	151
1022	143
1023	214
1024	50
1025	127
1026	97
1027	140
1028	144
1029	119
1030	154
1031	145
1032	121
1033	174
1034	111
1035	167
1036	128
1037	120
1038	128
1039	162
1040	81
1041	131
1042	129
1043	166
1044	125
1045	140
1046	140
1047	153
1048	123
1049	160
1050	113
1051	158
1052	113
1053	122
1054	109
1055	198
1056	84
1057	154
1058	140
1059	120
1060	123
1061	107
1062	144
1063	155
1064	90
1065	163
1066	98
1067	128
1068	119
1069	104
1070	99
1071	132
1072	90
1073	135
1074	117
1075	141
1076	112
1077	120
1078	134
1079	136
1080	78
1081	130
1082	97
1083	162
1084	99
1085	138
1086	123
1087	186
1088	55
1089	131
1090	117
1091	109
1092	105
1093	105
1094	134
1095	120
1096	105
1097	143
1098	92
1099	107
1100	121
1101	123
1102	111
1103	142
1104	57
1105	110
1106	116
1107	122
1108	99
1109	110
1110	112
1111	109
1112	89
1113	111
1114	98
1115	147
1116	110
1117	117
1118	118
1119	160
1120	63
1121	94
1122	103
1123	134
1124	101
1125	114
1126	114
1127	126
1128	73
1129	114
1130	105
1131	106
1132	111
1133	108
1134	110
1135	106
1136	66
1137	110
1138	110
1139	117
1140	81
1141	77
1142	118
1143	115
1144	80
1145	112
1146	79
1147	131
1148	101
1149	86
1150	102
1151	160
1152	53
1153	71
1154	101
1155	89
1156	117
1157	91
1158	121
1159	85
1160	86
1161	122
1162	85
1163	96
1164	104
1165	101
1166	105
1167	94
1168	72
1169	94
1170	97
1171	113
1172	78
1173	80
1174	101
1175	93
1176	71
1177	105
1178	83
1179	100
1180	81
1181	100
1182	98
1183	141
1184	46
1185	81
1186	101
1187	129
1188	84
1189	82
1190	101
1191	115
1192	60
1193	115
1194	88
1195	105
1196	100
1197	85
1198	83
1199	96
1200	87
1201	79
1202	84
1203	109
1204	89
1205	75
1206	104
1207	101
1208	65
1209	103
1210	88
1211	112
1212	90
1213	84
1214	76
1215	113
1216	59
1217	93
1218	98
1219	93
1220	95
1221	86
1222	99
1223	81
1224	79
1225	99
1226	66
1227	80
1228	98
1229	91
1230	86
1231	86
1232	50
1233	81
1234	94
1235	124
1236	74
1237	87
1238	93
1239	89
1240	90
1241	99
1242	77
1243	93
1244	79
1245	81
1246	99
1247	125
1248	56
1249	82
1250	97
1251	95
1252	101
1253	95
1254	104
1255	91
1256	66
1257	102
1258	80
1259	113
1260	101
1261	108
1262	101
1263	110
1264	56
1265	118
1266	111
1267	116
1268	111
1269	82
1270	136
1271	131
1272	94
1273	122
1274	106
1275	149
1276	110
1277	135
1278	141
1279	259
1280	60
1281	123
1282	139
1283	171
1284	180
1285	163
1286	207
1287	169
1288	182
1289	246
1290	185
1291	242
1292	232
1293	239
1294	238
1295	293
1296	221
1297	306
1298	257
1299	371
1300	302
1301	314
1302	378
1303	356
1304	316
1305	460
1306	324
1307	504
1308	376
1309	443
1310	422
1311	660
1312	335
1313	546
1314	543
1315	531
1316	577
1317	495
1318	674
1319	663
1320	456
1321	761
1322	549
1323	683
1324	727
1325	738
1326	741
1327	727
1328	661
1329	848
1330	845
1331	1060
1332	814
1333	726
1334	1024
1335	1028
1336	702
1337	1112
1338	840
1339	1232
1340	985
1341	1072
1342	1062
1343	1733
1344	657
1345	1149
1346	1188
1347	1258
1348	1402
1349	1097
1350	1390
1351	1157
1352	1193
1353	1547
1354	1114
1355	1388
1356	1574
1357	1454
1358	1353
1359	1593
1360	1025
1361	1532
1362	1427
1363	1782
1364	1410
1365	1278
1366	1746
1367	1444
1368	1394
1369	1798
1370	1336
1371	1857
1372	1496
1373	1539
1374	1618
1375	2035
1376	1338
1377	1625
1378	1658
1379	1676
1380	1829
1381	1459
1382	1906
1383	1624
1384	1252
1385	1812
1386	1381
1387	1599
1388	1805
1389	1589
1390	1572
1391	1667
1392	1096
1393	1574
1394	1581
1395	1680
1396	1474
1397	1239
1398	1727
1399	1418
1400	1101
1401	1530
1402	1161
1403	1617
1404	1276
1405	1296
1406	1214
1407	1832
1408	861
1409	1175
1410	1233
1411	1196
1412	1220
1413	959
1414	1261
1415	1000
1416	986
1417	1177
1418	861
1419	962
1420	1029
1421	935
1422	866
1423	813
1424	744
1425	819
1426	847
1427	842
1428	699
1429	633
1430	806
1431	575
1432	595
1433	740
1434	532
1435	681
1436	545
1437	574
1438	522
1439	671
1440	332
1441	406
1442	435
1443	440
1444	455
1445	294
1446	444
1447	378
1448	259
1449	380
1450	267
1451	305
1452	318
1453	303
1454	250
1455	246
1456	200
1457	237
1458	203
1459	248
1460	208
1461	178
1462	213
1463	184
1464	136
1465	175
1466	134
1467	183
1468	146
1469	138
1470	139
1471	161
1472	95
1473	92
1474	104
1475	89
1476	96
1477	72
1478	117
1479	60
1480	109
1481	82
1482	80
1483	84
1484	95
1485	71
1486	94
1487	67
1488	51
1489	73
1490	68
1491	59
1492	74
1493	65
1494	76
1495	38
1496	60
1497	68
1498	65
1499	62
1500	45
1501	53
1502	55
1503	67
1504	40
1505	50
1506	61
1507	42
1508	50
1509	44
1510	67
1511	49
1512	53
1513	61
1514	49
1515	64
1516	61
1517	57
1518	41
1519	47
1520	39
1521	57
1522	54
1523	60
1524	51
1525	32
1526	52
1527	54
1528	40
1529	58
1530	41
1531	44
1532	58
1533	50
1534	50
1535	80
1536	26
1537	44
1538	49
1539	47
1540	58
1541	42
1542	58
1543	48
1544	48
1545	66
1546	35
1547	61
1548	45
1549	50
1550	47
1551	61
1552	42
1553	41
1554	49
1555	59
1556	42
1557	41
1558	60
1559	46
1560	30
1561	59
1562	47
1563	61
1564	47
1565	43
1566	50
1567	62
1568	40
1569	49
1570	47
1571	50
1572	47
1573	32
1574	56
1575	46
1576	32
1577	63
1578	43
1579	61
1580	58
1581	46
1582	57
1583	57
1584	42
1585	56
1586	58
1587	56
1588	44
1589	41
1590	51
1591	49
1592	26
1593	55
1594	38
1595	59
1596	28
1597	50
1598	47
1599	39
1600	34
1601	50
1602	46
1603	43
1604	58
1605	44
1606	42
1607	45
1608	39
1609	69
1610	42
1611	54
1612	56
1613	50
1614	47
1615	45
1616	25
1617	71
1618	46
1619	54
1620	39
1621	39
1622	54
1623	39
1624	52
1625	58
1626	40
1627	47
1628	41
1629	44
1630	48
1631	46
1632	43
1633	41
1634	49
1635	56
1636	44
1637	36
1638	52
1639	55
1640	34
1641	57
1642	35
1643	55
1644	43
1645	41
1646	57
1647	45
1648	29
1649	51
1650	36
1651	62
1652	48
1653	50
1654	48
1655	52
1656	39
1657	66
1658	49
1659	55
1660	51
1661	47
1662	48
1663	84
1664	31
1665	40
1666	43
1667	62
1668	66
1669	32
1670	57
1671	35
1672	40
1673	46
1674	39
1675	54
1676	62
1677	41
1678	42
1679	47
1680	36
1681	40
1682	67
1683	59
1684	40
1685	38
1686	56
1687	45
1688	42
1689	48
1690	44
1691	57
1692	50
1693	60
1694	43
1695	57
1696	39
1697	42
1698	56
1699	43
1700	52
1701	33
1702	56
1703	53
1704	32
1705	44
1706	44
1707	42
1708	62
1709	50
1710	42
1711	45
1712	39
1713	48
1714	50
1715	45
1716	53
1717	58
1718	59
1719	50
1720	43
1721	54
1722	39
1723	55
1724	45
1725	42
1726	62
1727	46
1728	45
1729	53
1730	47
1731	43
1732	54
1733	39
1734	50
1735	31
1736	56
1737	58
1738	35
1739	43
1740	39
1741	52
1742	50
1743	47
1744	45
1745	63
1746	41
1747	51
1748	41
1749	47
1750	49
1751	30
1752	34
1753	45
1754	30
1755	57
1756	54
1757	48
1758	49
1759	52
1760	40
1761	31
1762	52
1763	41
1764	63
1765	40
1766	64
1767	32
1768	35
1769	52
1770	32
1771	41
1772	69
1773	39
1774	42
1775	48
1776	37
1777	53
1778	39
1779	43
1780	47
1781	40
1782	50
1783	51
1784	42
1785	48
1786	38
1787	53
1788	36
1789	42
1790	53
1791	56
1792	30
1793	41
1794	42
1795	38
1796	46
1797	38
1798	54
1799	45
1800	34
1801	67
1802	42
1803	30
1804	65
1805	45
1806	43
1807	41
1808	40
1809	56
1810	38
1811	55
1812	49
1813	31
1814	56
1815	37
1816	54
1817	44
1818	28
1819	57
1820	45
1821	49
1822	43
1823	45
1824	32
1825	47
1826	50
1827	41
1828	55
1829	44
1830	54
1831	38
1832	41
1833	57
1834	40
1835	46
1836	51
1837	44
1838	47
1839	42
1840	54
1841	43
1842	43
1843	49
1844	41
1845	35
1846	40
1847	40
1848	38
1849	57
1850	35
1851	51
1852	47
1853	53
1854	34
1855	56
1856	28
1857	35
1858	42
1859	51
1860	53
1861	33
1862	51
1863	32
1864	54
1865	43
1866	39
1867	23
1868	60
1869	53
1870	51
1871	38
1872	40
1873	41
1874	58
1875	39
1876	45
1877	24
1878	54
1879	39
1880	60
1881	41
1882	43
1883	43
1884	59
1885	44
1886	53
1887	43
1888	49
1889	37
1890	41
1891	58
1892	50
1893	39
1894	57
1895	40
1896	32
1897	54
1898	42
1899	50
1900	58
1901	51
1902	57
1903	31
1904	33
1905	47
1906	50
1907	54
1908	44
1909	36
1910	52
1911	34
1912	46
1913	45
1914	38
1915	50
1916	44
1917	41
1918	55
1919	37
1920	34
1921	46
1922	47
1923	47
1924	52
1925	40
1926	53
1927	32
1928	44
1929	47
1930	37
1931	27
1932	53
1933	40
1934	38
1935	38
1936	40
1937	42
1938	32
1939	40
1940	47
1941	45
1942	49
1943	33
1944	46
1945	49
1946	32
1947	48
1948	46
1949	47
1950	45
1951	39
1952	41
1953	43
1954	39
1955	46
1956	55
1957	33
1958	51
1959	44
1960	50
1961	51
1962	20
1963	30
1964	61
1965	36
1966	52
1967	43
1968	44
1969	50
1970	46
1971	52
1972	52
1973	48
1974	61
1975	44
1976	44
1977	63
1978	33
1979	55
1980	46
1981	42
1982	49
1983	52
1984	49
1985	56
1986	53
1987	41
1988	70
1989	43
1990	49
1991	21
1992	47
1993	69
1994	44
1995	55
1996	65
1997	57
1998	41
1999	30
2000	39
2001	35
2002	49
2003	47
2004	52
2005	39
2006	60
2007	31
2008	44
2009	45
2010	46
2011	64
2012	61
2013	53
2014	37
2015	46
2016	59
2017	48
2018	43
2019	68
2020	77
2021	32
2022	44
2023	27
2024	43
2025	41
2026	49
2027	49
2028	50
2029	51
2030	37
2031	38
2032	41
2033	54
2034	50
2035	53
2036	47
2037	28
2038	65
2039	31
2040	37
2041	63
2042	38
2043	46
2044	37
2045	49
2046	47
2047	45
2048	27
2049	38
2050	36
2051	55
2052	43
2053	40
2054	56
2055	46
2056	35
2057	52
2058	43
2059	42
2060	55
2061	37
2062	41
2063	43
2064	33
2065	42
2066	54
2067	59
2068	44
2069	45
2070	60
2071	48
2072	37
2073	62
2074	37
2075	55
2076	40
2077	41
2078	46
2079	55
2080	38
2081	56
2082	38
2083	51
2084	40
2085	34
2086	67
2087	40
2088	28
2089	48
2090	45
2091	63
2092	44
2093	48
2094	36
2095	42
2096	42
2097	45
2098	56
2099	66
2100	39
2101	51
2102	48
2103	48
2104	27
2105	57
2106	35
2107	62
2108	33
2109	50
2110	39
2111	56
2112	31
2113	42
2114	35
2115	44
2116	54
2117	36
2118	49
2119	36
2120	30
2121	64
2122	34
2123	36
2124	46
2125	51
2126	61
2127	43
2128	28
2129	37
2130	43
2131	71
2132	51
2133	38
2134	50
2135	33
2136	50
2137	56
2138	40
2139	50
2140	44
2141	41
2142	49
2143	48
2144	32
2145	58
2146	39
2147	48
2148	49
2149	37
2150	39
2151	44
2152	38
2153	45
2154	33
2155	52
2156	63
2157	49
2158	56
2159	62
2160	23
2161	44
2162	49
2163	51
2164	53
2165	33
2166	48
2167	44
2168	38
2169	56
2170	34
2171	60
2172	38
2173	40
2174	47
2175	58
2176	41
2177	49
2178	54
2179	43
2180	40
2181	50
2182	61
2183	32
2184	54
2185	47
2186	42
2187	39
2188	48
2189	54
2190	43
2191	37
2192	46
2193	52
2194	50
2195	47
2196	47
2197	48
2198	58
2199	38
2200	36
2201	69
2202	35
2203	62
2204	41
2205	37
2206	47
2207	38
2208	29
2209	48
2210	35
2211	43
2212	52
2213	44
2214	55
2215	42
2216	42
2217	51
2218	47
2219	58
2220	51
2221	46
2222	47
2223	47
2224	35
2225	52
2226	44
2227	59
2228	40
2229	36
2230	65
2231	52
2232	37
2233	54
2234	45
2235	51
2236	43
2237	55
2238	46
2239	60
2240	56
2241	50
2242	49
2243	44
2244	46
2245	36
2246	81
2247	35
2248	35
2249	59
2250	35
2251	45
2252	49
2253	54
2254	40
2255	42
2256	28
2257	49
2258	55
2259	57
2260	38
2261	33
2262	55
2263	38
2264	48
2265	70
2266	34
2267	59
2268	32
2269	51
2270	46
2271	56
2272	35
2273	42
2274	56
2275	55
2276	46
2277	32
2278	59
2279	42
2280	42
2281	62
2282	47
2283	50
2284	51
2285	47
2286	49
2287	45
2288	41
2289	34
2290	64
2291	69
2292	61
2293	38
2294	57
2295	54
2296	48
2297	55
2298	44
2299	57
2300	44
2301	41
2302	54
2303	40
2304	53
2305	54
2306	42
2307	43
2308	59
2309	37
2310	52
2311	41
2312	55
2313	45
2314	44
2315	64
2316	60
2317	52
2318	45
2319	36
2320	37
2321	48
2322	47
2323	63
2324	53
2325	40
2326	59
2327	41
2328	48
2329	59
2330	40
2331	56
2332	51
2333	42
2334	40
2335	42
2336	49
2337	46
2338	45
2339	49
2340	59
2341	48
2342	53
2343	56
2344	34
2345	59
2346	37
2347	65
2348	63
2349	45
2350	51
2351	44
2352	31
2353	51
2354	47
2355	61
2356	63
2357	54
2358	55
2359	49
2360	42
2361	70
2362	48
2363	60
2364	38
2365	48
2366	49
2367	61
2368	41
2369	54
2370	41
2371	53
2372	56
2373	41
2374	55
2375	45
2376	52
2377	72
2378	33
2379	53
2380	63
2381	63
2382	51
2383	42
2384	39
2385	51
2386	39
2387	60
2388	44
2389	41
2390	69
2391	39
2392	47
2393	78
2394	37
2395	69
2396	53
2397	50
2398	38
2399	40
2400	70
2401	55
2402	41
2403	57
2404	62
2405	49
2406	65
2407	57
2408	34
2409	51
2410	56
2411	51
2412	48
2413	61
2414	62
2415	50
2416	39
2417	45
2418	59
2419	53
2420	68
2421	39
2422	56
2423	55
2424	43
2425	46
2426	50
2427	55
2428	56
2429	42
2430	55
2431	39
2432	56
2433	49
2434	68
2435	46
2436	72
2437	37
2438	77
2439	53
2440	60
2441	83
2442	33
2443	52
2444	77
2445	44
2446	61
2447	32
2448	59
2449	56
2450	65
2451	66
2452	52
2453	47
2454	74
2455	37
2456	61
2457	77
2458	57
2459	62
2460	55
2461	46
2462	48
2463	57
2464	50
2465	58
2466	56
2467	51
2468	68
2469	47
2470	72
2471	46
2472	41
2473	54
2474	36
2475	53
2476	60
2477	62
2478	55
2479	28
2480	63
2481	57
2482	55
2483	59
2484	58
2485	47
2486	71
2487	66
2488	51
2489	54
2490	47
2491	58
2492	65
2493	56
2494	65
2495	54
2496	49
2497	60
2498	71
2499	49
2500	70
2501	44
2502	57
2503	35
2504	51
2505	61
2506	39
2507	48
2508	68
2509	38
2510	68
2511	49
2512	57
2513	49
2514	44
2515	64
2516	51
2517	41
2518	66
2519	38
2520	61
2521	72
2522	39
2523	61
2524	57
2525	48
2526	65
2527	52
2528	78
2529	52
2530	58
2531	57
2532	72
2533	44
2534	65
2535	51
2536	51
2537	73
2538	56
2539	62
2540	76
2541	54
2542	62
2543	48
2544	48
2545	54
2546	76
2547	55
2548	58
2549	37
2550	74
2551	62
2552	56
2553	79
2554	58
2555	67
2556	63
2557	55
2558	58
2559	55
2560	63
2561	74
2562	45
2563	51
2564	78
2565	40
2566	82
2567	44
2568	69
2569	59
2570	56
2571	50
2572	56
2573	62
2574	43
2575	39
2576	58
2577	64
2578	58
2579	54
2580	55
2581	48
2582	73
2583	44
2584	60
2585	69
2586	45
2587	71
2588	57
2589	67
2590	59
2591	67
2592	58
2593	44
2594	55
2595	59
2596	70
2597	53
2598	73
2599	79
2600	52
2601	77
2602	49
2603	75
2604	70
2605	54
2606	57
2607	50
2608	56
2609	57
2610	65
2611	76
2612	48
2613	52
2614	60
2615	56
2616	36
2617	71
2618	58
2619	59
2620	49
2621	54
2622	57
2623	51
2624	69
2625	62
2626	49
2627	68
2628	73
2629	33
2630	85
2631	46
2632	43
2633	67
2634	33
2635	57
2636	70
2637	58
2638	67
2639	56
2640	37
2641	46
2642	63
2643	52
2644	57
2645	31
2646	66
2647	42
2648	57
2649	69
2650	60
2651	65
2652	46
2653	49
2654	56
2655	47
2656	51
2657	55
2658	54
2659	52
2660	63
2661	48
2662	50
2663	58
2664	51
2665	49
2666	44
2667	54
2668	68
2669	55
2670	54
2671	47
2672	37
2673	57
2674	48
2675	53
2676	49
2677	55
2678	54
2679	45
2680	32
2681	70
2682	41
2683	44
2684	50
2685	39
2686	56
2687	55
2688	49
2689	51
2690	46
2691	44
2692	40
2693	37
2694	55
2695	39
2696	44
2697	56
2698	36
2699	45
2700	59
2701	56
2702	38
2703	43
2704	31
2705	43
2706	52
2707	57
2708	49
2709	36
2710	60
2711	28
2712	34
2713	55
2714	34
2715	53
2716	53
2717	38
2718	43
2719	52
2720	35
2721	37
2722	42
2723	40
2724	44
2725	37
2726	55
2727	29
2728	28
2729	34
2730	33
2731	38
2732	35
2733	29
2734	33
2735	25
2736	29
2737	42
2738	43
2739	32
2740	36
2741	23
2742	42
2743	22
2744	31
2745	49
2746	22
2747	45
2748	48
2749	36
2750	31
2751	28
2752	29
2753	39
2754	35
2755	35
2756	44
2757	25
2758	29
2759	26
2760	39
2761	35
2762	28
2763	29
2764	33
2765	31
2766	27
2767	30
2768	26
2769	26
2770	34
2771	36
2772	40
2773	22
2774	35
2775	28
2776	30
2777	27
2778	20
2779	26
2780	26
2781	25
2782	25
2783	28
2784	21
2785	21
2786	34
2787	32
2788	28
2789	29
2790	28
2791	22
2792	23
2793	25
2794	20
2795	27
2796	28
2797	19
2798	28
2799	18
2800	27
2801	25
2802	23
2803	27
2804	22
2805	16
2806	32
2807	17
2808	21
2809	21
2810	17
2811	18
2812	24
2813	23
2814	27
2815	15
2816	19
2817	29
2818	22
2819	21
2820	27
2821	13
2822	21
2823	18
2824	27
2825	24
2826	13
2827	16
2828	24
2829	21
2830	14
2831	14
2832	17
2833	16
2834	20
2835	26
2836	19
2837	16
2838	15
2839	12
2840	18
2841	18
2842	12
2843	14
2844	20
2845	18
2846	22
2847	9
2848	24
2849	19
2850	12
2851	21
2852	18
2853	8
2854	21
2855	12
2856	15
2857	23
2858	13
2859	21
2860	16
2861	22
2862	12
2863	11
2864	13
2865	9
2866	13
2867	17
2868	11
2869	11
2870	18
2871	9
2872	9
2873	11
2874	20
2875	18
2876	10
2877	9
2878	9
2879	17
2880	17
2881	16
2882	13
2883	11
2884	16
2885	11
2886	13
2887	8
2888	12
2889	16
2890	11
2891	15
2892	13
2893	13
2894	14
2895	15
2896	16
2897	8
2898	11
2899	18
2900	9
2901	8
2902	12
2903	10
2904	9
2905	12
2906	11
2907	11
2908	7
2909	13
2910	11
2911	7
2912	12
2913	14
2914	9
2915	10
2916	8
2917	8
2918	9
2919	12
2920	12
2921	13
2922	7
2923	10
2924	4
2925	11
2926	10
2927	11
2928	10
2929	4
2930	14
2931	14
2932	6
2933	10
2934	6
2935	6
2936	6
2937	11
2938	20
2939	6
2940	10
2941	6
2942	5
2943	12
2944	5
2945	7
2946	12
2947	8
2948	11
2949	6
2950	11
2951	4
2952	10
2953	10
2954	7
2955	5
2956	8
2957	8
2958	3
2959	8
2960	20
2961	7
2962	5
2963	8
2964	3
2965	5
2966	3
2967	5
2968	10
2969	9
2970	8
2971	13
2972	8
2973	10
2974	11
2975	8
2976	8
2977	7
2978	8
2979	7
2980	15
2981	5
2982	11
2983	8
2984	11
2985	10
2986	6
2987	6
2988	13
2989	7
2990	7
2991	5
2992	4
2993	12
2994	4
2995	12
2996	4
2997	9
2998	10
2999	7
3000	6
3001	6
3002	4
3003	10
3004	11
3005	5
3006	8
3007	4
3008	9
3009	2
3010	3
3011	8
3012	8
3013	6
3014	13
3015	1
3016	7
3017	6
3018	3
3019	5
3020	9
3021	5
3022	5
3023	6
3024	5
3025	6
3026	3
3027	5
3028	4
3029	3
3030	11
3031	2
3032	6
3033	7
3034	3
3035	5
3036	6
3037	7
3038	7
3039	8
3040	5
3041	5
3042	2
3043	5
3044	4
3045	5
3046	7
3047	5
3048	4
3049	11
3050	7
3051	5
3052	9
3053	6
3054	6
3055	1
3056	3
3057	3
3058	2
3059	3
3060	8
3061	3
3062	5
3063	4
3064	8
3065	6
3066	3
3067	5
3068	5
3069	8
3070	3
3071	4
3072	12
3073	3
3074	4
3075	5
3076	8
3077	5
3078	8
3079	4
3080	6
3081	5
3082	11
3083	2
3084	6
3085	6
3086	6
3087	3
3088	5
3089	7
3090	2
3091	6
3092	6
3093	6
3094	7
3095	3
3096	5
3097	4
3098	8
3099	5
3100	2
3101	9
3102	5
3103	3
3104	9
3105	4
3106	2
3107	6
3108	9
3109	5
3110	6
3111	7
3112	8
3113	12
3114	5
3115	10
3116	9
3117	8
3118	5
3119	6
3120	8
3121	14
3122	8
3123	10
3124	9
3125	10
3126	4
3127	6
3128	6
3129	10
3130	10
3131	10
3132	11
3133	12
3134	7
3135	9
3136	9
3137	7
3138	11
3139	14
3140	15
3141	11
3142	16
3143	11
3144	11
3145	13
3146	10
3147	15
3148	17
3149	15
3150	17
3151	18
3152	10
3153	16
3154	23
3155	23
3156	18
3157	17
3158	26
3159	13
3160	26
3161	27
3162	21
3163	27
3164	26
3165	23
3166	26
3167	25
3168	30
3169	20
3170	25
3171	30
3172	33
3173	23
3174	32
3175	34
3176	32
3177	37
3178	27
3179	35
3180	37
3181	41
3182	44
3183	32
3184	30
3185	37
3186	34
3187	64
3188	41
3189	44
3190	78
3191	64
3192	34
3193	73
3194	33
3195	70
3196	44
3197	49
3198	61
3199	54
3200	51
3201	51
3202	58
3203	58
3204	80
3205	56
3206	90
3207	66
3208	57
3209	105
3210	59
3211	75
3212	96
3213	72
3214	77
3215	65
3216	75
3217	92
3218	92
3219	125
3220	110
3221	79
3222	103
3223	66
3224	111
3225	142
3226	82
3227	143
3228	106
3229	129
3230	106
3231	152
3232	99
3233	128
3234	114
3235	109
3236	145
3237	85
3238	169
3239	125
3240	96
3241	182
3242	85
3243	137
3244	194
3245	148
3246	162
3247	99
3248	141
3249	162
3250	158
3251	182
3252	161
3253	120
3254	173
3255	155
3256	130
3257	201
3258	124
3259	195
3260	168
3261	163
3262	183
3263	138
3264	193
3265	163
3266	161
3267	186
3268	234
3269	141
3270	214
3271	125
3272	214
3273	271
3274	132
3275	167
3276	236
3277	199
3278	170
3279	175
3280	164
3281	172
3282	199
3283	237
3284	175
3285	153
3286	259
3287	143
3288	213
3289	243
3290	153
3291	219
3292	212
3293	183
3294	208
3295	221
3296	162
3297	190
3298	216
3299	206
3300	271
3301	161
3302	232
3303	190
3304	157
3305	239
3306	166
3307	166
3308	241
3309	193
3310	186
3311	176
3312	165
3313	167
3314	202
3315	214
3316	216
3317	120
3318	247
3319	151
3320	132
3321	204
3322	112
3323	202
3324	186
3325	167
3326	168
3327	183
3328	161
3329	145
3330	158
3331	168
3332	193
3333	120
3334	176
3335	117
3336	154
3337	197
3338	118
3339	140
3340	198
3341	157
3342	134
3343	113
3344	151
3345	146
3346	130
3347	204
3348	143
3349	90
3350	149
3351	98
3352	119
3353	158
3354	92
3355	171
3356	121
3357	132
3358	124
3359	93
3360	116
3361	135
3362	120
3363	95
3364	139
3365	72
3366	123
3367	90
3368	85
3369	138
3370	54
3371	64
3372	98
3373	86
3374	73
3375	73
3376	83
3377	74
3378	93
3379	112
3380	63
3381	41
3382	93
3383	57
3384	50
3385	80
3386	60
3387	82
3388	64
3389	57
3390	57
3391	59
3392	47
3393	68
3394	60
3395	52
3396	70
3397	34
3398	53
3399	33
3400	54
3401	48
3402	37
3403	41
3404	73
3405	45
3406	33
3407	40
3408	33
3409	39
3410	37
3411	28
3412	39
3413	27
3414	40
3415	19
3416	32
3417	40
3418	17
3419	34
3420	30
3421	23
3422	21
3423	20
3424	28
3425	22
3426	26
3427	19
3428	19
3429	12
3430	28
3431	15
3432	7
3433	20
3434	10
3435	18
3436	23
3437	15
3438	13
3439	12
3440	13
3441	11
3442	11
3443	23
3444	20
3445	7
3446	7
3447	15
3448	7
3449	14
3450	10
3451	15
3452	15
3453	7
3454	8
3455	7
3456	11
3457	5
3458	5
3459	9
3460	9
3461	4
3462	8
3463	7
3464	6
3465	7
3466	5
3467	7
3468	9
3469	6
3470	7
3471	5
3472	2
3473	2
3474	4
3475	4
3476	3
3477	2
3478	5
3479	5
3480	5
3481	3
3482	0
3483	10
3484	7
3485	3
3486	2
3487	8
3488	2
3489	3
3490	0
3491	2
3492	6
3493	5
3494	7
3495	3
3496	2
3497	4
3498	4
3499	7
3500	1
3501	6
3502	1
3503	4
3504	4
3505	1
3506	2
3507	3
3508	0
3509	2
3510	5
3511	0
3512	0
3513	5
3514	3
3515	3
3516	1
3517	0
3518	2
3519	7
3520	2
3521	1
3522	0
3523	3
3524	6
3525	2
3526	6
3527	2
3528	0
3529	3
3530	6
3531	5
3532	4
3533	2
3534	2
3535	3
3536	1
3537	1
3538	2
3539	2
3540	4
3541	2
3542	1
3543	2
3544	3
3545	2
3546	2
3547	1
3548	0
3549	0
3550	3
3551	2
3552	4
3553	1
3554	1
3555	0
3556	0
3557	0
3558	3
3559	2
3560	0
3561	1
3562	0
3563	3
3564	4
3565	3
3566	1
3567	4
3568	0
3569	1
3570	4
3571	4
3572	0
3573	1
3574	5
3575	1
3576	1
3577	6
3578	2
3579	1
3580	4
3581	1
3582	5
3583	1
3584	1
3585	3
3586	2
3587	1
3588	2
3589	2
3590	3
3591	3
3592	1
3593	0
3594	3
3595	1
3596	3
3597	2
3598	2
3599	1
3600	2
3601	2
3602	1
3603	0
3604	1
3605	3
3606	3
3607	0
3608	1
3609	4
3610	0
3611	3
3612	1
3613	4
3614	0
3615	1
3616	2
3617	2
3618	2
3619	3
3620	2
3621	2
3622	4
3623	2
3624	2
3625	4
3626	1
3627	2
3628	2
3629	2
3630	0
3631	1
3632	3
3633	3
3634	3
3635	3
3636	0
3637	1
3638	3
3639	3
3640	3
3641	3
3642	2
3643	3
3644	3
3645	3
3646	2
3647	0
3648	3
3649	4
3650	1
3651	0
3652	4
3653	1
3654	1
3655	3
3656	4
3657	6
3658	0
3659	1
3660	1
3661	2
3662	1
3663	1
3664	0
3665	1
3666	2
3667	4
3668	1
3669	2
3670	4
3671	1
3672	2
3673	2
3674	1
3675	6
3676	2
3677	3
3678	2
3679	2
3680	1
3681	3
3682	1
3683	0
3684	5
3685	2
3686	1
3687	6
3688	0
3689	1
3690	4
3691	1
3692	3
3693	2
3694	2
3695	4
3696	2
3697	3
3698	3
3699	4
3700	2
3701	0
3702	2
3703	0
3704	2
3705	3
3706	4
3707	2
3708	3
3709	2
3710	1
3711	3
3712	2
3713	5
3714	1
3715	2
3716	2
3717	0
3718	4
3719	1
3720	2
3721	3
3722	3
3723	6
3724	5
3725	1
3726	2
3727	2
3728	1
3729	4
3730	2
3731	4
3732	2
3733	2
3734	3
3735	1
3736	2
3737	5
3738	1
3739	1
3740	2
3741	5
3742	2
3743	2
3744	3
3745	4
3746	1
3747	6
3748	5
3749	1
3750	4
3751	3
3752	3
3753	1
3754	2
3755	2
3756	1
3757	1
3758	3
3759	0
3760	2
3761	2
3762	2
3763	5
3764	1
3765	4
3766	2
3767	4
3768	0
3769	5
3770	1
3771	3
3772	0
3773	0
3774	3
3775	1
3776	4
3777	2
3778	3
3779	1
3780	3
3781	5
3782	3
3783	4
3784	2
3785	2
3786	1
3787	5
3788	4
3789	5
3790	3
3791	5
3792	4
3793	1
3794	3
3795	3
3796	2
3797	2
3798	2
3799	0
3800	1
3801	2
3802	1
3803	2
3804	1
3805	2
3806	4
3807	0
3808	2
3809	2
3810	4
3811	3
3812	5
3813	3
3814	2
3815	1
3816	3
3817	2
3818	3
3819	2
3820	1
3821	2
3822	4
3823	0
3824	1
3825	2
3826	2
3827	1
3828	1
3829	0
3830	2
3831	3
3832	2
3833	1
3834	1
3835	5
3836	0
3837	3
3838	1
3839	3
3840	1
3841	1
3842	1
3843	1
3844	5
3845	2
3846	1
3847	1
3848	2
3849	3
3850	2
3851	2
3852	2
3853	2
3854	0
3855	0
3856	2
3857	2
3858	0
3859	0
3860	3
3861	2
3862	0
3863	0
3864	1
3865	4
3866	1
3867	4
3868	5
3869	2
3870	3
3871	3
3872	1
3873	1
3874	2
3875	1
3876	1
3877	0
3878	1
3879	0
3880	0
3881	1
3882	1
3883	1
3884	1
3885	4
3886	1
3887	0
3888	1
3889	5
3890	3
3891	1
3892	1
3893	2
3894	1
3895	3
3896	1
3897	2
3898	1
3899	2
3900	4
3901	1
3902	2
3903	2
3904	3
3905	0
3906	2
3907	2
3908	1
3909	0
3910	1
3911	0
3912	1
3913	0
3914	1
3915	2
3916	1
3917	0
3918	0
3919	1
3920	1
3921	3
3922	3
3923	5
3924	3
3925	2
3926	0
3927	0
3928	2
3929	0
3930	2
3931	2
3932	0
3933	2
3934	2
3935	0
3936	1
3937	1
3938	3
3939	1
3940	0
3941	0
3942	4
3943	1
3944	1
3945	0
3946	0
3947	0
3948	2
3949	0
3950	1
3951	0
3952	2
3953	0
3954	2
3955	2
3956	4
3957	3
3958	1
3959	1
3960	0
3961	1
3962	1
3963	2
3964	2
3965	0
3966	1
3967	1
3968	3
3969	5
3970	2
3971	0
3972	1
3973	0
3974	4
3975	0
3976	0
3977	1
3978	0
3979	1
3980	1
3981	0
3982	4
3983	1
3984	2
3985	1
3986	1
3987	1
3988	3
3989	0
3990	4
3991	0
3992	2
3993	1
3994	3
3995	4
3996	1
3997	1
3998	0
3999	1
4000	2
